% Intrinsic and Extrinsic Camera Parameters
%
% This script file can be directly excecuted under Matlab to recover the camera intrinsic and extrinsic parameters.
% IMPORTANT: This file contains neither the structure of the calibration objects nor the image coordinates of the calibration points.
%            All those complementary variables are saved in the complete matlab data file Calib_Results.mat.
% For more information regarding the calibration model visit http://www.vision.caltech.edu/bouguetj/calib_doc/


%-- Focal length:
fc = [ 2330.739920654955313 ; 2342.132166057161157 ];

%-- Principal point:
cc = [ 2093.225552335759403 ; 1141.185603392197663 ];

%-- Skew coefficient:
alpha_c = 0.000000000000000;

%-- Distortion coefficients:
kc = [ -0.152294921758782 ; 0.548904669899857 ; 0.004951181890347 ; 0.003858641633547 ; 0.000000000000000 ];

%-- Focal length uncertainty:
fc_error = [ 55.254205391499610 ; 56.287451738062103 ];

%-- Principal point uncertainty:
cc_error = [ 14.877367048314174 ; 12.349526647585941 ];

%-- Skew coefficient uncertainty:
alpha_c_error = 0.000000000000000;

%-- Distortion coefficients uncertainty:
kc_error = [ 0.014928734311945 ; 0.072777585428512 ; 0.001646963626740 ; 0.002097827588807 ; 0.000000000000000 ];

%-- Image size:
nx = 4096;
ny = 2160;


%-- Various other variables (may be ignored if you do not use the Matlab Calibration Toolbox):
%-- Those variables are used to control which intrinsic parameters should be optimized

n_ima = 59;						% Number of calibration images
est_fc = [ 1 ; 1 ];					% Estimation indicator of the two focal variables
est_aspect_ratio = 1;				% Estimation indicator of the aspect ratio fc(2)/fc(1)
center_optim = 1;					% Estimation indicator of the principal point
est_alpha = 0;						% Estimation indicator of the skew coefficient
est_dist = [ 1 ; 1 ; 1 ; 1 ; 0 ];	% Estimation indicator of the distortion coefficients


%-- Extrinsic parameters:
%-- The rotation (omc_kk) and the translation (Tc_kk) vectors for every calibration image and their uncertainties

%-- Image #1:
omc_1 = [ 2.098559e+00 ; 2.189963e+00 ; -2.979744e-01 ];
Tc_1  = [ -9.636732e+01 ; -3.438352e+01 ; 3.531544e+02 ];
omc_error_1 = [ 1.283915e-02 ; 1.258539e-02 ; 2.567259e-02 ];
Tc_error_1  = [ 2.266638e+00 ; 1.911830e+00 ; 8.498431e+00 ];

%-- Image #2:
omc_2 = [ -2.145928e+00 ; -2.249786e+00 ; 1.243701e-01 ];
Tc_2  = [ -9.458793e+01 ; -7.916346e+01 ; 3.324168e+02 ];
omc_error_2 = [ 1.160990e-02 ; 1.196056e-02 ; 2.590755e-02 ];
Tc_error_2  = [ 2.159720e+00 ; 1.790396e+00 ; 8.122767e+00 ];

%-- Image #3:
omc_3 = [ -2.156278e+00 ; -2.234277e+00 ; 1.057006e-01 ];
Tc_3  = [ -9.578976e+01 ; -5.707660e+01 ; 3.176930e+02 ];
omc_error_3 = [ 1.074651e-02 ; 1.176355e-02 ; 2.430903e-02 ];
Tc_error_3  = [ 2.055645e+00 ; 1.716696e+00 ; 7.744943e+00 ];

%-- Image #4:
omc_4 = [ 2.133569e+00 ; 2.210019e+00 ; -2.490629e-01 ];
Tc_4  = [ -9.298622e+01 ; -4.903614e+01 ; 3.663990e+02 ];
omc_error_4 = [ 1.382723e-02 ; 1.368024e-02 ; 2.839360e-02 ];
Tc_error_4  = [ 2.360654e+00 ; 1.973906e+00 ; 8.890471e+00 ];

%-- Image #5:
omc_5 = [ 2.145918e+00 ; 2.182564e+00 ; -2.912517e-01 ];
Tc_5  = [ -9.394426e+01 ; -3.248024e+01 ; 3.656888e+02 ];
omc_error_5 = [ 1.410353e-02 ; 1.326070e-02 ; 2.802113e-02 ];
Tc_error_5  = [ 2.350805e+00 ; 1.976359e+00 ; 8.827445e+00 ];

%-- Image #6:
omc_6 = [ 2.176240e+00 ; 2.237705e+00 ; -1.929467e-01 ];
Tc_6  = [ -8.861099e+01 ; -6.305774e+01 ; 3.588536e+02 ];
omc_error_6 = [ 1.376369e-02 ; 1.358829e-02 ; 2.883329e-02 ];
Tc_error_6  = [ 2.320599e+00 ; 1.925567e+00 ; 8.760207e+00 ];

%-- Image #7:
omc_7 = [ -2.149731e+00 ; -2.196609e+00 ; 1.063035e-01 ];
Tc_7  = [ -8.415298e+01 ; -9.180364e+01 ; 3.412636e+02 ];
omc_error_7 = [ 1.223290e-02 ; 1.240109e-02 ; 2.704156e-02 ];
Tc_error_7  = [ 2.229475e+00 ; 1.836886e+00 ; 8.347697e+00 ];

%-- Image #8:
omc_8 = [ -2.120148e+00 ; -2.127105e+00 ; 1.637756e-01 ];
Tc_8  = [ -5.977209e+01 ; -7.746338e+01 ; 3.200908e+02 ];
omc_error_8 = [ 9.751453e-03 ; 1.138992e-02 ; 2.280252e-02 ];
Tc_error_8  = [ 2.081737e+00 ; 1.713839e+00 ; 7.696531e+00 ];

%-- Image #9:
omc_9 = [ -2.040821e+00 ; -2.142233e+00 ; 3.917928e-01 ];
Tc_9  = [ -4.245669e+01 ; -6.178359e+01 ; 3.774959e+02 ];
omc_error_9 = [ 1.035995e-02 ; 1.336244e-02 ; 2.661248e-02 ];
Tc_error_9  = [ 2.439405e+00 ; 1.995641e+00 ; 8.718322e+00 ];

%-- Image #10:
omc_10 = [ -2.123732e+00 ; -2.147325e+00 ; 3.509573e-01 ];
Tc_10  = [ -6.091097e+01 ; -5.948392e+01 ; 3.809034e+02 ];
omc_error_10 = [ 1.151495e-02 ; 1.340692e-02 ; 2.858274e-02 ];
Tc_error_10  = [ 2.472945e+00 ; 2.025299e+00 ; 8.965262e+00 ];

%-- Image #11:
omc_11 = [ -2.261055e+00 ; -2.156082e+00 ; 3.272043e-01 ];
Tc_11  = [ -8.344100e+01 ; -4.522194e+01 ; 3.747512e+02 ];
omc_error_11 = [ 1.227954e-02 ; 1.264074e-02 ; 2.971869e-02 ];
Tc_error_11  = [ 2.423398e+00 ; 2.009638e+00 ; 8.964632e+00 ];

%-- Image #12:
omc_12 = [ 2.143085e+00 ; 2.012148e+00 ; -5.000077e-02 ];
Tc_12  = [ -1.405225e+02 ; -3.153173e+01 ; 3.500580e+02 ];
omc_error_12 = [ 1.354489e-02 ; 1.459583e-02 ; 2.832887e-02 ];
Tc_error_12  = [ 2.297772e+00 ; 1.928224e+00 ; 8.598749e+00 ];

%-- Image #13:
omc_13 = [ 2.135564e+00 ; 2.049754e+00 ; -1.416218e-01 ];
Tc_13  = [ -1.253511e+02 ; -9.789153e+00 ; 3.598916e+02 ];
omc_error_13 = [ 1.481350e-02 ; 1.469850e-02 ; 2.982941e-02 ];
Tc_error_13  = [ 2.335270e+00 ; 1.986658e+00 ; 8.829979e+00 ];

%-- Image #14:
omc_14 = [ 2.209859e+00 ; 2.159101e+00 ; -1.352983e-01 ];
Tc_14  = [ -1.097403e+02 ; -7.371379e+01 ; 3.588685e+02 ];
omc_error_14 = [ 1.287201e-02 ; 1.361743e-02 ; 2.817508e-02 ];
Tc_error_14  = [ 2.326066e+00 ; 1.938572e+00 ; 8.790422e+00 ];

%-- Image #15:
omc_15 = [ -2.122473e+00 ; -2.153528e+00 ; -4.996203e-02 ];
Tc_15  = [ -1.051948e+02 ; -8.244032e+01 ; 3.019062e+02 ];
omc_error_15 = [ 1.099229e-02 ; 1.102375e-02 ; 2.240014e-02 ];
Tc_error_15  = [ 1.977673e+00 ; 1.669502e+00 ; 7.371964e+00 ];

%-- Image #16:
omc_16 = [ -2.115713e+00 ; -2.095887e+00 ; -6.856944e-02 ];
Tc_16  = [ -1.093528e+02 ; -3.082955e+01 ; 2.938404e+02 ];
omc_error_16 = [ 8.460201e-03 ; 9.883717e-03 ; 1.754502e-02 ];
Tc_error_16  = [ 1.903407e+00 ; 1.616140e+00 ; 7.130076e+00 ];

%-- Image #17:
omc_17 = [ -2.170465e+00 ; -2.154613e+00 ; 3.291410e-02 ];
Tc_17  = [ -1.025956e+02 ; -1.965740e+01 ; 3.129190e+02 ];
omc_error_17 = [ 9.367045e-03 ; 1.111496e-02 ; 2.078628e-02 ];
Tc_error_17  = [ 2.024312e+00 ; 1.709647e+00 ; 7.558209e+00 ];

%-- Image #18:
omc_18 = [ 2.064325e+00 ; 2.103908e+00 ; -3.669095e-01 ];
Tc_18  = [ -9.366231e+01 ; -1.340426e+00 ; 3.770171e+02 ];
omc_error_18 = [ 1.464581e-02 ; 1.359474e-02 ; 2.718727e-02 ];
Tc_error_18  = [ 2.410697e+00 ; 2.066657e+00 ; 8.964681e+00 ];

%-- Image #19:
omc_19 = [ 1.974374e+00 ; 1.989271e+00 ; -4.996076e-01 ];
Tc_19  = [ -9.832172e+01 ; 1.049083e+01 ; 4.193704e+02 ];
omc_error_19 = [ 1.276256e-02 ; 1.248178e-02 ; 2.399750e-02 ];
Tc_error_19  = [ 2.681916e+00 ; 2.318614e+00 ; 9.565899e+00 ];

%-- Image #20:
omc_20 = [ 2.013671e+00 ; 2.012934e+00 ; -4.411445e-01 ];
Tc_20  = [ -9.918484e+01 ; -8.738788e+00 ; 4.207662e+02 ];
omc_error_20 = [ 1.301965e-02 ; 1.297426e-02 ; 2.521180e-02 ];
Tc_error_20  = [ 2.695515e+00 ; 2.309482e+00 ; 9.754444e+00 ];

%-- Image #21:
omc_21 = [ 2.201820e+00 ; 2.232207e+00 ; -1.772017e-01 ];
Tc_21  = [ -9.147988e+01 ; -2.176294e+01 ; 3.512759e+02 ];
omc_error_21 = [ 1.460308e-02 ; 1.285456e-02 ; 2.816088e-02 ];
Tc_error_21  = [ 2.262045e+00 ; 1.898751e+00 ; 8.551488e+00 ];

%-- Image #22:
omc_22 = [ NaN ; NaN ; NaN ];
Tc_22  = [ NaN ; NaN ; NaN ];
omc_error_22 = [ NaN ; NaN ; NaN ];
Tc_error_22  = [ NaN ; NaN ; NaN ];

%-- Image #23:
omc_23 = [ -2.185752e+00 ; -2.194784e+00 ; 5.097866e-02 ];
Tc_23  = [ -7.673932e+01 ; -1.361877e+02 ; 3.933957e+02 ];
omc_error_23 = [ 1.547253e-02 ; 1.365049e-02 ; 3.183632e-02 ];
Tc_error_23  = [ 2.603440e+00 ; 2.135097e+00 ; 9.692153e+00 ];

%-- Image #24:
omc_24 = [ NaN ; NaN ; NaN ];
Tc_24  = [ NaN ; NaN ; NaN ];
omc_error_24 = [ NaN ; NaN ; NaN ];
