NumCams 1
NumFrames 906 
NumP 874
0 470
0.199701 0.13611 0.0448742
0.999834 -0.00758399 0.0165473
0.00747228 0.999949 0.00680232
-0.016598 -0.00667758 0.99984
0 722
-0.612114 -0.318642 -0.461081
-0.80036 -0.110369 0.589273
0.136088 -0.990696 -0.000717342
0.58387 0.0796186 0.807933
0 739
1.0013 -0.103335 2.04295
-0.991361 -0.129148 0.0229075
0.12993 -0.99084 0.0367908
0.0179463 0.0394493 0.99906
0 359
-4.22181 -0.52473 0.863838
0.506351 -0.0360709 -0.861573
-0.133086 0.983885 -0.119407
0.851996 0.175125 0.493391
0 79
-3.86083 -0.438196 -0.860783
0.921245 0.0427538 -0.386627
-0.0626045 0.99728 -0.0388916
0.383913 0.0600333 0.921416
0 109
-4.11905 -0.663306 -1.25801
-0.996569 -0.0825667 0.00579715
0.0817057 -0.992534 -0.090554
0.0132306 -0.0897696 0.995875
0 382
-3.72082 -0.361114 0.00312245
0.924796 0.107978 0.36482
-0.105784 0.994048 -0.0260588
-0.365462 -0.0144931 0.930713
0 127
-2.56974 -0.355514 0.153376
-0.79033 -0.0598565 -0.60975
0.200951 -0.965488 -0.165685
-0.578789 -0.253476 0.775083
0 519
-1.33708 -0.102812 -3.08625
0.519407 -0.0407941 -0.853553
-0.10819 0.987682 -0.113041
0.847651 0.15106 0.508595
0 410
-4.29957 -0.626441 -0.596492
-0.900666 -0.0581606 0.430602
0.0344943 -0.997444 -0.0625731
0.433141 -0.0415042 0.90037
0 18
-0.770918 0.0930374 6.12332
0.973312 0.0340787 -0.226943
-0.0556322 0.994453 -0.0892637
0.222643 0.0995067 0.969809
0 489
-1.92097 -0.273619 6.20939
-0.965272 -0.128481 -0.22747
0.157742 -0.980708 -0.115449
-0.208249 -0.147322 0.966917
0 752
1.07873 -0.0763041 2.19731
-0.980688 -0.152595 -0.122338
0.151583 -0.988288 0.0175933
-0.123589 -0.00129071 0.992333
0 386
-1.9107 -0.103879 -0.965898
0.885737 0.11008 0.450947
-0.100927 0.993903 -0.0443813
-0.453083 -0.00620284 0.891447
0 317
-2.09735 -0.23507 -0.805429
-0.0805693 -0.0797938 0.99355
-0.176681 0.982149 0.0645508
-0.980965 -0.17034 -0.093229
0 307
-0.425497 0.158756 7.46492
0.711433 0.0817702 0.697981
-0.0927106 0.995447 -0.0221219
-0.696612 -0.0489719 0.715775
0 769
1.59663 -0.0106245 2.506
-0.392055 -0.062446 0.91782
0.159121 -0.987259 0.000799716
0.906076 0.146358 0.396996
0 292
1.11514 0.502461 5.57871
0.76017 0.00401196 0.649712
-0.0492841 0.997456 0.0515035
-0.647853 -0.0711719 0.758433
0 346
-3.66576 -0.536596 2.95757
0.908272 0.0392585 0.416533
-0.022139 0.998703 -0.045853
-0.417793 0.0324253 0.907963
0 213
-3.35411 -0.43046 4.81509
0.0194883 0.0786011 0.996716
-0.0800979 -0.993578 0.0799198
0.996596 -0.0813924 -0.0130673
0 318
-1.81424 -0.121614 5.162
-0.194816 -0.115449 -0.974022
-0.186058 0.979368 -0.0788689
0.963031 0.16586 -0.212277
0 501
-3.90677 -0.582327 5.74235
-0.972488 -0.152806 -0.175833
0.178892 -0.973343 -0.143534
-0.149212 -0.17104 0.9739
0 259
-2.22879 -0.455831 -0.147397
-0.181064 0.0226173 0.983211
-0.0436996 -0.998933 0.0149314
0.9825 -0.0402624 0.181859
0 185
-1.29264 -0.203651 7.07307
-0.900404 -0.140423 0.41177
0.0901195 -0.98615 -0.139239
0.42562 -0.0882632 0.900587
0 363
-3.25854 -0.358485 1.60348
0.961791 0.0283847 -0.272308
-0.0660916 0.989267 -0.130316
0.265687 0.143334 0.953345
0 309
-1.25331 -0.0734026 7.75596
0.183962 -0.029341 0.982495
-0.120221 0.991378 0.0521163
-0.975554 -0.127704 0.178848
0 280
2.27096 0.409422 4.44008
0.832402 0.0827953 0.547953
-0.0939045 0.995551 -0.0077756
-0.546159 -0.0449829 0.836473
0 860
-1.05788 -0.567994 -0.658342
-0.793294 -0.11469 -0.597939
0.090562 -0.9934 0.0703932
-0.602066 0.00169206 0.798445
0 742
0.24729 -0.263323 3.6696
-0.153035 -0.0136026 -0.988127
0.0964692 -0.995335 -0.00123875
-0.983501 -0.0955134 0.153634
0 406
-2.86066 -0.357921 -0.116423
0.222786 0.0866336 0.97101
0.00358373 -0.996109 0.0880508
0.974861 -0.0161366 -0.222229
0 853
-0.032455 0.29342 2.64711
0.216464 0.0926432 -0.971885
-0.23346 0.971518 0.0406105
0.947966 0.218106 0.231927
0 510
-1.90646 -0.136894 5.82132
0.604042 0.158714 0.780989
0.0337105 -0.98418 0.173934
0.796239 -0.0787357 -0.599836
0 856
-3.76516 -0.862027 -1.58325
0.051164 0.0163157 0.998557
0.116556 -0.993131 0.0102549
0.991865 0.115863 -0.0527143
0 655
-5.66619 -0.626241 1.6237
0.975443 0.203732 0.0836966
-0.195013 0.975506 -0.101777
-0.102382 0.0829555 0.99128
0 721
-1.01234 -0.377159 -0.900871
-0.462501 -0.0885114 0.88219
0.159359 -0.987099 -0.0154909
0.87218 0.13342 0.470639
0 296
0.0772338 0.199204 6.18945
0.172974 -0.0216456 0.984689
-0.0726979 0.996751 0.0346811
-0.98224 -0.0775837 0.170838
0 748
-1.18866 -0.461914 1.26477
0.532617 0.126366 0.836869
0.152245 -0.986967 0.0521358
0.832551 0.0996409 -0.544914
0 42
-3.64836 -0.387248 3.3162
0.884693 0.0932682 0.456749
-0.0821117 0.99564 -0.0442646
-0.458886 0.0016561 0.888494
0 36
-2.60024 -0.158684 4.00132
0.864685 0.0408283 -0.500652
-0.101781 0.990257 -0.0950319
0.491895 0.13313 0.860416
0 592
2.62014 0.508255 4.26406
0.993971 0.0112823 0.109058
-0.00802182 0.999509 -0.0302896
-0.109346 0.0292322 0.993574
0 125
-2.75416 -0.489852 0.927911
-0.991416 -0.115902 0.0605057
0.109784 -0.989291 -0.0961778
0.071005 -0.0887096 0.993523
0 144
-1.17941 -0.264441 1.37327
-0.573153 -0.101507 -0.813137
0.242838 -0.968766 -0.0502338
-0.78264 -0.226252 0.5799
0 339
-2.22111 -0.140535 3.73257
0.849481 0.0377534 -0.526267
-0.108146 0.988718 -0.103637
0.516417 0.144951 0.84398
0 336
-3.63317 -0.491416 3.19284
-0.255836 -0.156617 -0.953949
-0.233398 0.967605 -0.0962649
0.938122 0.198021 -0.284102
0 531
-3.97292 -0.489784 2.29963
0.646788 0.174538 0.74243
0.073016 -0.983161 0.167521
0.759167 -0.0541415 -0.64864
0 282
1.09121 0.212373 4.75722
-0.122982 -0.110457 0.986243
-0.127304 0.987332 0.0947044
-0.98421 -0.113906 -0.135486
0 62
-3.71595 -0.387141 2.21609
0.940308 0.0484987 0.336851
-0.0446161 0.998818 -0.0192623
-0.337387 0.00308353 0.941361
0 740
0.79385 -0.115024 3.07166
-0.7514 -0.141 -0.644605
0.138154 -0.988868 0.0552616
-0.645221 -0.0475312 0.762516
0 7
-1.35085 -0.0756786 7.50865
0.186825 -0.0385527 0.981637
-0.12173 0.99062 0.0620732
-0.974822 -0.131092 0.180379
0 737
-1.07908 0.0800396 -1.55457
-0.0569066 0.112727 0.991995
0.0340351 0.993247 -0.110917
-0.997799 0.0274508 -0.0603589
0 565
-3.62744 -0.723299 -1.32925
-0.953685 -0.0990495 -0.284032
0.120189 -0.991059 -0.0579457
-0.275753 -0.0893995 0.957062
0 705
-1.55895 -0.360212 -1.58755
-0.976688 -0.189732 -0.100416
0.191691 -0.981403 -0.0101499
-0.0966231 -0.0291622 0.994894
0 306
0.261586 0.267936 6.95486
0.65535 0.0360206 0.754466
-0.0727574 0.997228 0.0155881
-0.751813 -0.0651086 0.656154
0 624
-1.00549 0.136418 7.26525
-0.635574 -0.00663233 -0.772012
-0.139123 0.984577 0.106077
0.759402 0.174825 -0.626694
0 108
-4.04263 -0.599858 -0.649489
-0.901623 -0.0488878 0.429751
0.0273893 -0.998051 -0.0560738
0.431654 -0.0387869 0.901205
0 826
-2.37264 -0.559729 2.66309
-0.92778 -0.163452 0.335422
0.152429 -0.986544 -0.0591264
0.340573 -0.00372831 0.940211
0 649
-4.56885 -0.488913 3.45761
-0.365681 0.0337977 -0.930126
-0.195879 0.974164 0.112408
0.909895 0.223297 -0.349614
0 824
-2.92965 -0.668486 1.9537
-0.474861 -0.0914495 0.875297
0.116637 -0.992353 -0.0404023
0.872298 0.0829064 0.481896
0 554
-4.00436 -0.690737 -1.6898
-0.131766 -0.0231119 -0.991012
0.252771 -0.967463 -0.0110461
-0.958512 -0.251955 0.133321
0 434
0.240963 -0.0308252 0.63197
0.330339 0.0344777 -0.943233
0.316908 -0.945372 0.0764314
-0.88907 -0.324166 -0.323219
0 188
-1.2121 -0.170262 5.76392
-0.520495 -0.107231 -0.847105
0.279698 -0.958759 -0.0504931
-0.806755 -0.263215 0.529021
0 435
-1.08017 -0.0873983 -1.60066
0.0638487 -0.128723 -0.989623
-0.0861785 0.987231 -0.133972
0.994232 0.0938381 0.0519402
0 628
-2.29131 -0.110586 5.68273
-0.762498 -0.0891013 -0.640825
-0.144874 0.988835 0.0348927
0.630561 0.119445 -0.766893
0 805
-2.82309 -0.577122 4.56419
-0.109087 -0.0146268 0.993925
0.142362 -0.989814 0.00105838
0.983785 0.141613 0.110058
0 590
1.10327 0.232806 2.49309
-0.111341 -0.108813 -0.987807
-0.169219 0.981547 -0.08905
0.979269 0.157241 -0.1277
0 756
2.17423 0.0302364 2.91048
-0.703694 -0.0865881 0.705208
0.174302 -0.983254 0.0531999
0.688792 0.160355 0.707002
0 313
-2.94849 -0.371042 6.98148
-0.942676 -0.202628 0.265149
-0.209316 0.977843 0.00309789
-0.259902 -0.0525798 -0.964202
0 203
-1.76283 -0.262543 5.19269
0.777719 0.0958267 -0.621265
0.205977 -0.972597 0.107831
-0.593907 -0.211828 -0.776146
0 579
1.40067 0.277751 2.53843
0.718499 0.0213825 0.6952
-0.0507801 0.998472 0.0217717
-0.693672 -0.0509452 0.718487
0 801
-3.06411 -0.604599 7.37789
0.501801 0.0586173 -0.862995
0.0801681 -0.996559 -0.0210745
-0.86126 -0.0586094 -0.504773
0 695
-3.90214 -0.381579 -2.17323
0.780374 0.201764 0.591868
-0.108284 0.975818 -0.189878
-0.615866 0.0840866 0.783351
0 573
-1.21275 -0.0608109 -2.961
0.584661 -0.0254004 -0.81088
-0.153606 0.977965 -0.141387
0.796603 0.20722 0.567876
0 290
2.34456 0.487095 4.27965
0.99442 0.00270597 0.105459
0.000261344 0.999605 -0.0281131
-0.105494 0.0279838 0.994026
0 450
1.0384 0.132663 2.20746
0.970818 0.159883 0.178743
0.125316 -0.973692 0.190316
0.204469 -0.162363 -0.965314
0 423
-0.281156 0.0613733 1.10016
0.861947 0.189888 0.470095
0.123114 -0.977853 0.169254
0.491823 -0.0880128 -0.866235
0 270
-0.843978 -0.131947 1.50719
-0.977569 -0.197501 -0.0731652
-0.198294 0.980136 0.00366849
0.0709872 0.0180944 -0.997313
0 485
-0.758661 -0.153484 7.99086
-0.448157 -0.0495758 0.892579
0.0330625 -0.998697 -0.0388694
0.893343 0.0120912 0.449212
0 480
2.87344 0.41255 4.43596
0.716194 0.111217 -0.688982
0.288309 -0.946193 0.146958
-0.635566 -0.30389 -0.709723
0 411
-4.37496 -0.690227 -1.33087
-0.995802 -0.0912944 0.00663221
0.0902702 -0.991464 -0.0940732
0.015164 -0.0930796 0.995543
0 607
0.51875 0.417594 6.56486
-0.662113 -0.0401017 -0.74833
-0.15725 0.983771 0.0864141
0.73272 0.174891 -0.657674
0 457
2.36077 0.265963 4.65722
0.780638 0.113581 0.614576
0.011723 -0.985836 0.167304
0.624873 -0.123399 -0.770912
0 193
0.164176 0.0257294 7.71845
0.689491 0.0831789 0.719502
-0.0134427 -0.991743 0.127534
0.724169 -0.0976054 -0.68268
0 586
0.329822 0.0955078 4.55016
-0.716428 -0.186324 0.67232
-0.214547 0.975818 0.0418116
-0.663853 -0.114289 -0.739079
0 316
-2.03041 -0.124451 5.42539
-0.374626 -0.103614 -0.921368
-0.175247 0.983737 -0.0393732
0.910464 0.146717 -0.386691
0 601
-1.5457 -0.083062 5.68427
-0.97192 -0.223415 0.0738769
-0.223571 0.974668 0.00625139
-0.0734021 -0.0104409 -0.997248
0 60
-1.41456 -0.140048 0.479253
-0.143252 -0.0683619 0.987322
-0.163707 0.985506 0.0444837
-0.976053 -0.155259 -0.152367
0 416
-3.12979 -0.473915 -3.04479
-0.113479 0.0564907 -0.991933
0.237653 -0.967857 -0.0823075
-0.964699 -0.245076 0.0964062
0 228
-3.89003 -0.459099 2.71959
0.503777 0.11055 0.85673
-0.0150068 -0.990507 0.136636
0.863703 -0.0816911 -0.497336
0 693
-3.85223 -0.234477 -0.547003
0.777716 0.165662 -0.606394
-0.238393 0.970317 -0.0406631
0.581659 0.176185 0.794124
0 828
-2.29918 -0.553592 4.05136
-0.880603 -0.13884 -0.453059
0.145257 -0.989175 0.0207985
-0.451042 -0.0474947 0.891238
0 147
0.681245 0.0165065 1.01281
0.680025 0.106993 -0.72534
0.262274 -0.959332 0.104379
-0.684674 -0.261218 -0.680431
0 481
-0.0513566 0.0896708 0.843434
0.764078 -0.0219624 0.64475
-0.0398157 0.99591 0.0811087
-0.643894 -0.0876445 0.760078
0 286
0.684837 0.141424 3.01887
-0.701709 -0.213458 -0.679735
-0.241161 0.968908 -0.0553103
0.670407 0.125114 -0.731369
0 776
1.02535 0.00421107 6.31767
0.663578 0.0266811 -0.747631
0.12054 -0.990119 0.0716535
-0.738332 -0.137667 -0.660238
0 817
-3.5062 -0.669776 4.9381
0.118431 -0.0359477 -0.992311
0.105325 -0.993252 0.0485522
-0.98736 -0.110266 -0.113846
0 421
-0.189287 -0.0540019 0.0286477
0.97079 0.1776 -0.161325
0.202087 -0.967695 0.150755
-0.129339 -0.178953 -0.975319
0 114
-3.14302 -0.492659 -2.77103
-0.110262 0.0655883 -0.991736
0.233773 -0.968115 -0.0900172
-0.966019 -0.241767 0.0914135
0 254
-2.21581 -0.400185 -0.535985
0.989309 0.144364 -0.0206701
0.145806 -0.976231 0.160356
0.00297092 -0.161656 -0.986843
0 523
-2.81988 -0.421974 1.84966
0.516541 0.105445 -0.849745
0.265264 -0.963273 0.0417157
-0.814138 -0.246955 -0.525541
0 498
-2.32677 -0.384 7.7138
0.177454 -0.00279973 0.984125
-0.0692568 -0.997552 0.00965025
0.981689 -0.0698699 -0.177214
0 278
1.18778 0.272043 2.76201
0.733935 0.0182103 0.678976
-0.0429828 0.998882 0.0196717
-0.677859 -0.0436221 0.733897
0 82
-3.15381 -0.249362 -0.234434
0.947256 0.106899 0.302124
-0.10861 0.994022 -0.0111808
-0.301513 -0.0222228 0.953203
0 858
-2.02719 -0.638427 -0.442488
-0.990843 -0.134549 -0.0112716
0.134312 -0.990744 0.0196624
-0.0138128 0.0179684 0.999743
0 502
-3.52838 -0.577098 4.74014
-0.662483 -0.111941 -0.740666
0.227437 -0.972152 -0.0565023
-0.713715 -0.205887 0.669494
0 512
-2.35479 -0.289242 4.53433
0.693521 0.124028 0.70968
-0.0309107 -0.97904 0.201309
0.719773 -0.161549 -0.675151
0 399
-1.68476 -0.131149 -1.4929
0.937501 0.00171796 -0.347978
-0.0111049 0.999626 -0.0249829
0.347805 0.0272857 0.93717
0 755
2.08146 -0.00279406 2.88761
-0.661216 -0.0748871 0.746449
0.146205 -0.98879 0.0303107
0.735811 0.129176 0.664753
0 224
-2.494 -0.364053 3.94787
0.878869 0.133211 0.458088
0.0681327 -0.985429 0.155844
0.472174 -0.105756 -0.875139
0 59
-3.62832 -0.403086 1.60675
0.892136 0.00099659 -0.451766
-0.0526678 0.993408 -0.101816
0.448686 0.114627 0.886308
0 677
-6.14547 -0.64285 -0.250478
0.941934 0.167245 -0.291188
-0.206863 0.972071 -0.110844
0.264517 0.164644 0.950223
0 787
-0.629592 -0.278175 7.77024
0.494091 0.0712607 -0.866485
0.151319 -0.988472 0.00499287
-0.85614 -0.133583 -0.499179
0 201
-2.91518 -0.458519 4.67568
0.0756903 0.0167147 -0.996991
0.282736 -0.959183 0.00538412
-0.956207 -0.282293 -0.0773266
0 867
-3.40104 -0.813901 -1.55369
0.898495 0.107898 0.425517
0.0781446 -0.993154 0.0868284
0.431973 -0.044763 -0.900775
0 297
-0.743472 0.0667112 6.07264
-0.469115 -0.142413 0.871579
-0.165751 0.983572 0.0714988
-0.867443 -0.110924 -0.485013
0 337
-2.94525 -0.267465 3.2417
0.339781 -0.0257869 -0.940151
-0.163667 0.982751 -0.0861065
0.926154 0.183129 0.3297
0 506
-1.44455 -0.190384 5.14475
0.786254 0.0991306 -0.6099
0.246652 -0.95535 0.162693
-0.56654 -0.278351 -0.775599
0 167
2.67887 0.381294 3.24028
0.922181 0.182696 -0.340889
0.258911 -0.946379 0.193212
-0.287312 -0.266436 -0.920035
0 543
-2.4745 -0.438789 -0.378409
0.948684 0.106354 0.297804
0.0415753 -0.97552 0.215942
0.31348 -0.19248 -0.929883
0 156
1.5488 0.122979 5.13278
0.235075 0.0401766 0.971147
-0.0317531 -0.998295 0.0489858
0.971459 -0.0423522 -0.233398
0 642
-2.08068 -0.0309889 4.67046
-0.956433 0.00115714 -0.29195
-0.0237235 0.996377 0.0816675
0.290987 0.0850356 -0.95294
0 182
-0.0646467 -0.0503481 7.8485
0.0981575 0.0306575 0.994698
0.027676 -0.999223 0.0280658
0.994786 0.0247744 -0.0989296
0 540
-3.72055 -0.582134 0.160835
0.795096 0.144211 -0.589089
0.239798 -0.966921 0.086951
-0.557063 -0.210397 -0.803376
0 469
2.94848 0.42516 3.19193
0.922805 0.173949 -0.343764
0.252057 -0.947401 0.197229
-0.291374 -0.268652 -0.918111
0 194
-0.538986 0.000208825 7.60867
0.540835 0.119483 0.832599
0.00822264 -0.990563 0.136811
0.841088 -0.0671462 -0.536714
0 900
0.00967044 0.37545 6.38426
-0.142328 0.0169839 -0.989674
-0.198709 0.979007 0.0453779
0.969669 0.203116 -0.135965
0 487
-1.5408 -0.263109 7.13317
-0.898645 -0.150138 0.412185
0.0984917 -0.984673 -0.143936
0.427478 -0.0887502 0.899659
0 331
-4.50355 -0.619778 4.81069
-0.975568 -0.211719 0.0586717
-0.207128 0.975383 0.075667
-0.0732475 0.0616657 -0.995406
0 732
-1.64614 -0.428186 -0.613194
0.033935 -0.016254 0.999292
0.136923 -0.990364 -0.0207586
0.99 0.13753 -0.0313822
0 766
0.0476137 -0.263813 3.2768
0.879103 0.0995253 0.466126
0.127571 -0.991408 -0.0289142
0.459243 0.0848827 -0.884246
0 490
-1.28319 -0.211716 5.51258
-0.519112 -0.117102 -0.846646
0.285726 -0.957356 -0.0427751
-0.805533 -0.264114 0.530434
0 360
-4.02396 -0.511484 0.896122
0.581437 -0.0327813 -0.81293
-0.116453 0.985546 -0.123033
0.805214 0.166204 0.569216
0 637
-3.54557 -0.290573 3.33794
0.357997 0.165521 0.918935
-0.0787656 0.986008 -0.146917
-0.930395 -0.0197845 0.366025
0 545
-2.68063 -0.456148 0.369295
0.725193 0.122325 0.677593
0.0141336 -0.98653 0.16297
0.688401 -0.108608 -0.717153
0 847
-2.76203 -0.680659 0.372356
-0.738063 -0.138086 -0.660451
0.13162 -0.989495 0.0597941
-0.66177 -0.042797 0.748485
0 139
0.217736 -0.0458772 3.56582
0.0804152 0.034499 0.996164
-0.0524857 -0.997868 0.0387949
0.995379 -0.055404 -0.078433
0 192
0.81279 0.0504251 6.73774
0.985465 0.166207 -0.0351143
0.169608 -0.974269 0.148438
-0.00953933 -0.152236 -0.988298
0 83
-2.33826 -0.167445 -0.949729
0.891479 0.119534 0.437009
-0.109976 0.992812 -0.0472147
-0.439511 -0.00596971 0.898217
0 65
-4.04404 -0.442844 -0.0377625
0.925023 0.112403 0.362903
-0.10208 0.993638 -0.0475644
-0.365941 0.00695284 0.930612
0 103
-1.99281 -0.228856 -0.915007
0.702034 0.166565 0.692391
0.0902358 -0.985232 0.14552
0.706404 -0.0396817 -0.706696
0 68
-4.8234 -0.589714 0.289476
0.250066 -0.0261945 0.967874
-0.0597876 0.997309 0.0424382
-0.966381 -0.0684792 0.247827
0 529
-3.26946 -0.415189 3.92735
0.365974 0.123343 0.922415
-0.0825054 -0.982975 0.164176
0.92696 -0.136188 -0.349567
0 371
-5.50554 -0.733802 0.457348
-0.22047 -0.0924334 0.971004
-0.165601 0.984594 0.0561268
-0.961233 -0.148425 -0.232381
0 589
1.0182 0.171725 2.57798
-0.302612 -0.13095 -0.944075
-0.143077 0.985534 -0.0908393
0.942314 0.107587 -0.31697
0 166
2.58445 0.296836 3.18788
0.927099 0.138756 -0.348186
0.2016 -0.967737 0.151137
-0.315982 -0.210313 -0.925162
0 556
-1.98088 -0.369589 -0.505654
0.990855 0.133866 -0.0169464
0.134831 -0.977337 0.163193
0.0052836 -0.163986 -0.986448
0 627
-2.32807 -0.0832401 5.72199
-0.759893 -0.130601 -0.636793
-0.198033 0.979555 0.0354174
0.619148 0.15302 -0.770221
0 452
2.07804 0.383004 2.46346
0.792783 0.148648 -0.5911
0.269514 -0.955336 0.121226
-0.546679 -0.255416 -0.797436
0 692
-3.40594 -0.197538 -0.192874
0.134817 0.0583684 -0.98915
-0.249719 0.968043 0.0230873
0.958887 0.243897 0.145084
0 216
-4.64818 -0.701405 3.15415
-0.812885 -0.0579116 -0.579538
0.134614 -0.986784 -0.0902087
-0.566655 -0.151343 0.809937
0 160
0.360215 -0.0665002 4.53719
-0.945709 -0.0974118 0.310073
0.0728205 -0.993281 -0.0899473
0.316752 -0.0624842 0.946448
0 242
-2.64477 -0.43386 -0.36344
0.927891 0.152194 0.340375
0.0703684 -0.967974 0.240987
0.366151 -0.199658 -0.908884
0 823
-3.75079 -0.705592 2.01163
0.166973 -0.0360294 0.985303
0.0762933 -0.995864 -0.0493446
0.983005 0.0834113 -0.163534
0 93
-3.06156 -0.368385 -2.27158
-0.135101 -0.137827 -0.981199
-0.124088 0.984835 -0.121252
0.983031 0.105374 -0.150155
0 499
-3.16024 -0.435097 7.60486
-0.408866 -0.0123423 0.912511
-0.0596585 -0.997408 -0.0402216
0.910642 -0.0708843 0.40707
0 803
-3.87758 -0.762312 5.82168
0.973682 0.120648 0.193356
0.123634 -0.992322 -0.00340909
0.19146 0.0272248 -0.981123
0 735
0.199494 -0.189161 0.849788
-0.356066 -0.0444658 0.933402
0.144852 -0.98942 0.00812241
0.923166 0.138097 0.35874
0 324
-1.77073 -0.091046 6.55114
0.477 0.0403415 0.877977
-0.0918818 0.995761 0.00416535
-0.874087 -0.0826569 0.478685
0 477
1.03505 0.101411 4.56926
-0.668382 -0.0681254 -0.740692
0.193663 -0.977391 -0.0848605
-0.718165 -0.200164 0.666464
0 790
-1.80301 -0.461757 6.28782
0.967926 0.142091 0.207193
0.137379 -0.989826 0.0370301
0.210347 -0.00737834 -0.977599
0 385
-2.07972 -0.111148 -0.912974
0.889944 0.128785 0.437508
-0.11706 0.991667 -0.0537932
-0.44079 -0.00334198 0.897604
0 321
-0.662171 0.094531 7.14669
0.792807 0.0296831 0.60875
-0.0371251 0.999311 -0.000377297
-0.608342 -0.0223008 0.793362
0 464
0.0327485 -0.167515 3.30997
-0.919538 -0.133826 -0.369514
0.199523 -0.969021 -0.145565
-0.338586 -0.20758 0.917753
0 17
-1.15795 0.0196382 5.4084
0.50243 -0.0593829 -0.862576
-0.0974121 0.987399 -0.124716
0.859113 0.146686 0.490314
0 113
-3.14378 -0.505504 -2.72345
-0.251643 0.0141177 -0.967717
0.190853 -0.979535 -0.0639191
-0.948815 -0.200776 0.243799
0 404
-1.51274 -0.0863875 -1.65347
0.973215 0.197822 0.117127
0.177332 -0.970194 0.165155
0.146307 -0.13996 -0.979288
0 101
-1.7033 -0.127061 -1.66596
0.980401 0.145437 0.132897
0.106939 -0.959392 0.261017
0.165462 -0.24169 -0.956142
0 80
-3.9801 -0.40142 -0.025856
0.926151 0.0984243 0.364084
-0.0979263 0.994995 -0.0198779
-0.364218 -0.0172434 0.931154
0 690
-2.33573 -0.0259181 -3.25142
0.257716 0.0991009 0.961125
-0.0561121 0.994582 -0.0875048
-0.96459 -0.0313793 0.261881
0 497
-1.43424 -0.14056 7.5766
0.64586 0.125812 0.753018
0.0434393 -0.990786 0.12828
0.762219 -0.05014 -0.645375
0 622
-0.676478 0.236543 6.2733
-0.982777 -0.0546679 0.176522
-0.0503375 0.998313 0.0289206
-0.177805 0.0195369 -0.983872
0 287
1.16057 0.216026 2.79304
-0.300873 -0.13994 -0.943341
-0.140998 0.984832 -0.101125
0.943183 0.102583 -0.316041
0 632
-4.24286 -0.470514 4.77726
0.957591 0.19368 -0.213326
-0.215902 0.97261 -0.0861132
0.190805 0.128519 0.973179
0 813
-2.42603 -0.459065 4.61864
-0.664684 -0.161901 -0.729371
0.127628 -0.986494 0.102667
-0.736142 -0.0248475 0.67637
0 893
2.21954 0.70389 3.40525
-0.873778 -0.0312727 0.485318
-0.0379294 0.999273 -0.00389832
-0.484843 -0.0218141 -0.874329
0 218
0.358815 0.147451 1.95836
0.485234 -0.0182467 0.874194
-0.0828419 0.994326 0.0667367
-0.870451 -0.104803 0.480969
0 706
-1.60627 -0.37297 -1.54268
-0.967611 -0.2002 -0.15378
0.202782 -0.979223 -0.00112736
-0.15036 -0.0322747 0.988104
0 162
0.233447 -0.10134 3.4615
-0.921525 -0.121115 -0.368948
0.187371 -0.970879 -0.149287
-0.340122 -0.206702 0.917383
0 562
-3.36158 -0.652108 -0.287293
-0.85185 -0.0907686 0.515861
0.0502369 -0.994488 -0.0920286
0.521371 -0.0524792 0.851715
0 602
-0.844934 -0.0134494 4.72822
-0.696479 -0.196482 -0.690154
-0.206803 0.975936 -0.0691433
0.687131 0.0945693 -0.720352
0 466
0.669559 -0.00612617 2.3574
-0.370298 -0.0460857 -0.927769
0.301318 -0.950722 -0.0730386
-0.878685 -0.3066 0.365937
0 619
-2.05804 0.00474024 -0.788721
0.0570658 0.0659613 -0.996189
-0.288082 0.95646 0.0468281
0.955904 0.284312 0.0735835
0 277
1.1709 0.237844 2.39649
0.720467 0.0129989 0.693367
-0.0448903 0.998602 0.0279235
-0.692034 -0.0512435 0.720043
0 94
-2.95962 -0.326895 -2.2484
-0.00885785 -0.135944 -0.990677
-0.165561 0.977242 -0.132621
0.98616 0.162843 -0.0311634
0 555
-2.63334 -0.472271 -1.48342
0.556905 0.0836882 -0.826349
0.25574 -0.963852 0.0747383
-0.790224 -0.252953 -0.558177
0 129
-1.04916 -0.109298 -0.284334
0.479725 0.109885 -0.870511
0.301647 -0.952309 0.0460226
-0.823938 -0.284665 -0.489993
0 43
-3.83951 -0.514328 3.00299
0.920942 0.0651442 0.384216
-0.0478917 0.997375 -0.0543123
-0.386746 0.0316177 0.921644
0 255
-2.21828 -0.404054 -0.542913
0.982059 0.13541 0.131243
0.108521 -0.974996 0.193923
0.15422 -0.176201 -0.972198
0 710
-3.83405 -0.671833 -0.123397
0.377089 -0.0182153 -0.925998
0.135077 -0.988035 0.0744421
-0.916274 -0.153152 -0.370117
0 383
-3.43774 -0.344025 0.0453591
0.950203 0.0886496 0.298757
-0.0817555 0.996019 -0.0355219
-0.300717 0.00932797 0.953668
0 323
-1.17228 -0.00636598 7.15882
0.51878 0.00423327 0.854898
-0.0567454 0.997953 0.0294933
-0.853023 -0.063812 0.517958
0 152
2.0208 0.205409 2.85712
0.610436 0.0899917 -0.786937
0.317684 -0.937928 0.139172
-0.725565 -0.334953 -0.601134
0 379
-4.31099 -0.514016 -1.85542
0.177357 -0.055307 -0.982591
-0.0965889 0.992621 -0.0733059
0.979395 0.107909 0.170707
0 783
-0.162791 0.267584 0.795794
-0.736458 0.0295133 -0.675839
-0.121845 0.976922 0.175435
0.665419 0.211548 -0.715866
0 518
-4.83339 -0.730588 2.95819
-0.813112 -0.0672646 -0.578208
0.143311 -0.98586 -0.0868452
-0.564191 -0.153479 0.811254
0 181
1.15388 0.259321 6.96991
0.811386 0.139131 0.567711
0.0505394 -0.98432 0.168998
0.582322 -0.108431 -0.805695
0 715
-3.79102 -0.758879 -2.39086
0.747219 0.0765303 0.660157
0.0760165 -0.99667 0.0294998
0.660216 0.0281399 -0.750548
0 289
1.98958 0.520005 3.46696
0.863143 0.00565521 -0.504928
-0.0732578 0.990761 -0.114133
0.499617 0.135503 0.855583
0 107
-4.07016 -0.610461 -0.597957
-0.867368 -0.075344 0.491931
0.0599567 -0.997094 -0.0469994
0.494043 -0.0112712 0.869365
0 342
-0.486592 0.0121435 0.522172
0.449663 0.00904104 0.893153
-0.095206 0.994737 0.0378626
-0.88811 -0.102059 0.448157
0 279
2.04501 0.405027 4.13652
0.763865 0.0377864 0.644269
-0.061901 0.997972 0.0148606
-0.642401 -0.0512324 0.764654
0 751
0.828002 -0.161323 1.12426
-0.7521 -0.085805 0.653439
0.147117 -0.988328 0.0395489
0.642419 0.125877 0.755945
0 284
0.463096 0.118566 4.34228
-0.714839 -0.196156 0.671214
-0.22325 0.973638 0.046777
-0.662695 -0.116411 -0.739786
0 165
1.48784 0.15264 2.56714
0.366964 0.0886528 -0.926001
0.291835 -0.956165 0.0241103
-0.883272 -0.279087 -0.37675
0 369
-4.4811 -0.556104 0.381827
0.350058 0.0113357 0.936659
-0.117469 0.992564 0.0318893
-0.929333 -0.121191 0.348787
0 806
-0.426642 0.324354 1.38809
-0.476804 -0.0112428 -0.878938
-0.217081 0.970452 0.105348
0.851783 0.241031 -0.465156
0 442
-0.684398 -0.149823 3.64709
-0.524027 -0.0534601 0.850022
-0.0303174 -0.996225 -0.0813454
0.851162 -0.0683977 0.520428
0 574
-0.481742 -0.10391 0.878596
-0.569342 -0.187897 -0.80034
-0.226606 0.971685 -0.0669212
0.790253 0.143261 -0.595799
0 764
0.3322 -0.14855 4.62237
0.933917 0.0876166 -0.346587
0.101861 -0.994531 0.0230587
-0.342671 -0.0568385 -0.937734
0 597
-0.636398 0.0299245 -1.35635
0.932506 0.038498 0.359096
-0.0270026 0.998951 -0.0369749
-0.360143 0.0247828 0.932568
0 40
-0.65952 -0.0283531 0.329613
0.45119 -0.0016654 0.892426
-0.0910926 0.994689 0.0479106
-0.887766 -0.10291 0.448643
0 863
-2.4029 -0.65267 -0.0106336
0.20938 -0.0236314 -0.977549
0.106036 -0.993264 0.0467231
-0.972068 -0.113439 -0.205464
0 598
0.189837 0.213558 6.43481
0.169979 -0.0121158 0.985373
-0.0717144 0.997121 0.0246311
-0.982835 -0.0748522 0.168621
0 247
-4.10325 -0.705684 0.802028
-0.563087 -0.0111177 0.826323
-0.00918686 -0.999764 -0.0197114
0.826347 -0.0186906 0.562852
0 864
-3.26385 -0.818388 -0.35543
0.879789 0.0731259 -0.469706
0.116058 -0.991238 0.0630646
-0.460979 -0.109997 -0.880567
0 272
-0.252503 -0.0577575 1.01941
-0.56738 -0.197641 -0.799386
-0.229465 0.970265 -0.0770217
0.790839 0.139731 -0.59586
0 848
-3.10567 -0.696868 0.753133
-0.504731 -0.129537 -0.853503
0.201818 -0.978987 0.0292334
-0.839355 -0.157497 0.520268
0 885
1.71095 0.481171 4.96358
-0.425562 0.0147303 -0.904809
-0.203729 0.97264 0.111655
0.881698 0.231852 -0.410918
0 701
-1.83495 -0.0539196 -1.24877
-0.971727 -0.0255335 0.234721
-0.00727707 0.996902 0.0783188
-0.235994 0.0743964 -0.968903
0 356
-5.65546 -0.742073 0.694278
-0.621001 -0.181763 -0.762443
-0.267882 0.963383 -0.0114787
0.736611 0.197117 -0.646953
0 723
-0.286026 -0.256119 0.158279
-0.977278 -0.180297 0.111447
0.180034 -0.983581 -0.0125032
0.111871 0.00784513 0.993692
0 275
1.24315 0.265661 1.24748
0.715028 -0.0341936 -0.698259
-0.0588462 0.992315 -0.108853
0.696615 0.118923 0.70752
0 749
-1.10031 -0.438691 1.21653
0.46202 0.0939494 0.881879
0.137997 -0.989878 0.0331578
0.876067 0.106377 -0.470308
0 812
-2.18907 -0.285742 5.26177
-0.644463 -0.197734 -0.738626
0.204561 -0.97536 0.0826256
-0.736764 -0.0978449 0.669033
0 878
1.27425 0.329589 0.965812
-0.6534 0.0266187 0.756544
0.0211557 0.999633 -0.0169003
-0.756717 0.00496259 -0.653724
0 25
-2.93989 -0.484806 5.73478
0.0790324 -0.0717966 0.994283
-0.0430311 0.996228 0.0753574
-0.995943 -0.0487408 0.0756449
0 14
-1.87193 -0.12331 5.62363
-0.371588 -0.113155 -0.921476
-0.17871 0.9827 -0.0486082
0.911035 0.146615 -0.385382
0 584
1.12875 0.209357 5.0156
-0.12466 -0.100817 0.987064
-0.123583 0.988655 0.0853722
-0.984473 -0.111342 -0.135705
0 384
-2.89021 -0.197167 -0.223414
0.945828 0.116316 0.303115
-0.11688 0.993012 -0.0163462
-0.302898 -0.0199676 0.952814
0 174
0.928316 0.103468 4.98997
-0.759755 -0.0546457 -0.647909
0.166793 -0.979498 -0.112973
-0.628452 -0.193899 0.753293
0 774
3.54292 0.255512 5.58502
-0.978467 -0.106069 -0.177062
0.0983526 -0.993801 0.0518293
-0.181462 0.0332988 0.982834
0 143
-1.52241 -0.357062 1.79104
-0.923272 -0.122146 -0.364211
0.186194 -0.971581 -0.146159
-0.336008 -0.202758 0.919776
0 822
0.468959 0.334679 2.2693
-0.533638 0.0111978 -0.845639
-0.222358 0.962875 0.153068
0.815958 0.269717 -0.511336
0 208
-2.02364 -0.188786 5.57919
0.602094 0.168701 0.780399
0.0439522 -0.982944 0.178576
0.797215 -0.0732191 -0.599239
0 685
-3.42747 -0.156272 -0.0532059
-0.953823 -0.083549 -0.288516
-0.114047 0.989341 0.0905406
0.277876 0.119264 -0.953185
0 895
1.63263 0.673876 5.14938
-0.593262 0.0100137 -0.804947
-0.15197 0.98055 0.124203
0.790535 0.196013 -0.580202
0 377
-5.17032 -0.64376 -1.69783
-0.424266 -0.141712 -0.89438
-0.162556 0.983553 -0.0787299
0.890827 0.111985 -0.440325
0 392
-4.20669 -0.558876 -1.43728
-0.972693 -0.230322 -0.028653
-0.229361 0.972773 -0.0332588
0.0355331 -0.0257787 -0.999036
0 253
-2.79589 -0.511572 -1.28575
0.557501 0.0929504 -0.824956
0.255353 -0.964736 0.0638664
-0.789929 -0.246261 -0.561577
0 301
0.250056 0.218308 4.46407
0.052031 -0.0966971 -0.993953
-0.123335 0.987059 -0.102483
0.991 0.127922 0.0394316
0 728
-2.54384 -0.514093 1.52856
0.788141 0.0360671 -0.614437
0.0838459 -0.995267 0.0491279
-0.609757 -0.0902379 -0.787434
0 226
-2.98506 -0.434265 4.24635
0.418306 0.112718 0.901285
-0.0191249 -0.990957 0.132809
0.908105 -0.0727918 -0.412367
0 861
-1.04809 -0.525093 -0.665835
-0.765301 -0.125421 -0.631335
0.101765 -0.992073 0.0737251
-0.635577 -0.00782607 0.771998
0 394
-3.84873 -0.481666 -2.3545
-0.679518 -0.211343 -0.70256
-0.216417 0.972741 -0.0832994
0.701013 0.0954423 -0.706733
0 295
-0.913792 -0.000687167 -1.3706
0.933318 0.0288534 0.357889
-0.0188811 0.999331 -0.0313283
-0.358553 0.0224819 0.933238
0 455
2.8522 0.270022 3.44968
0.988943 0.113487 -0.0954604
0.127837 -0.97866 0.16088
-0.0751654 -0.171305 -0.982347
0 391
-3.91089 -0.484669 -0.458126
-0.75064 -0.142642 0.64513
-0.154743 0.987215 0.0382286
-0.642335 -0.0711332 -0.763116
0 252
-4.00764 -0.709601 -1.3972
-0.127863 -0.0140711 -0.991692
0.246495 -0.968976 -0.0180328
-0.960672 -0.246753 0.127364
0 142
-1.4344 -0.390608 1.91237
-0.964669 -0.156894 -0.211655
0.176541 -0.981257 -0.0772491
-0.195568 -0.111886 0.974287
0 265
-2.81179 -0.569016 -2.36158
-0.464915 -0.0482711 -0.884038
0.240398 -0.967882 -0.0735756
-0.852093 -0.246727 0.461587
0 736
0.323386 -0.219915 0.918573
-0.453936 -0.0485238 0.889712
0.150141 -0.988404 0.0226966
0.878294 0.143885 0.455958
0 544
-2.44 -0.394225 -0.246101
0.927973 0.14245 0.344345
0.059408 -0.968786 0.240673
0.367881 -0.202882 -0.907471
0 441
0.179732 -0.0762911 3.84875
0.0845674 0.0253147 0.996096
-0.0515226 -0.998229 0.0297431
0.995085 -0.0538367 -0.0831135
0 44
-3.92213 -0.560781 2.90761
0.908904 0.0297432 0.415944
-0.0145387 0.999107 -0.0396746
-0.416752 0.0300131 0.908525
0 271
-1.28586 -0.0325516 -2.69766
0.585396 -0.0343099 -0.810021
-0.144621 0.978661 -0.14597
0.797744 0.202596 0.567942
0 355
-5.63935 -0.785396 0.730659
-0.716051 -0.198748 -0.669156
-0.240174 0.970229 -0.0311643
0.655429 0.138399 -0.742468
0 674
-1.57393 0.0883262 0.621114
0.280228 0.0910678 -0.955604
-0.241039 0.970271 0.0217816
0.929178 0.224234 0.293848
0 2
0.932525 0.26544 5.5986
0.99972 -0.00522003 0.0230743
0.00576401 0.999706 -0.0235718
-0.0229445 0.0236983 0.999456
0 96
-2.19474 -0.185262 -1.80511
0.666709 -0.0196793 -0.745058
-0.0860697 0.990931 -0.103192
0.740332 0.132926 0.658969
0 258
-1.56327 -0.380932 -0.297964
0.321491 0.0622414 0.944865
-0.0615386 -0.994355 0.08644
0.944911 -0.0859354 -0.315846
0 294
0.719254 0.250587 5.95043
0.796496 0.049975 0.602575
-0.0538421 0.998482 -0.0116403
-0.602242 -0.0231725 0.797978
0 549
-4.30695 -0.715565 0.970723
-0.562302 -0.0206819 0.826673
-0.00681484 -0.999537 -0.0296422
0.826904 -0.0223015 0.561901
0 886
0.939696 0.397004 4.95814
0.154996 0.11906 -0.980715
-0.26014 0.962595 0.0757467
0.95305 0.243383 0.18017
0 134
0.700472 0.0626848 1.26143
0.859584 0.128058 -0.494688
0.222703 -0.965196 0.137118
-0.459912 -0.228033 -0.858186
0 28
-4.16255 -0.611957 4.83489
-0.931495 -0.227764 0.283621
-0.220527 0.973676 0.0576402
-0.289283 -0.00885451 -0.957203
0 614
-2.34371 -0.0620801 7.37389
0.602556 0.15578 -0.782725
-0.260549 0.965424 -0.00843394
0.754347 0.20902 0.622311
0 793
-0.123954 -0.217185 5.64558
-0.200528 -0.00496048 0.979675
0.132334 -0.990959 0.0220697
0.970709 0.13407 0.199372
0 150
1.84953 0.342288 2.58958
0.791878 0.158091 -0.589861
0.274331 -0.955054 0.112316
-0.545593 -0.250758 -0.799656
0 714
-4.07313 -0.780133 -1.86204
0.953935 0.0780151 0.289693
0.0637609 -0.996259 0.0583358
0.29316 -0.0371774 -0.95534
0 620
-1.51277 0.0963168 5.16073
0.0387815 0.0979034 0.99444
-0.040002 0.994543 -0.0963536
-0.998447 -0.0360428 0.0424864
0 335
-3.75543 -0.528381 3.30192
-0.390066 -0.187636 -0.901466
-0.207258 0.971785 -0.112592
0.897158 0.142918 -0.41795
0 202
-0.659383 0.0494928 1.08717
0.471962 -0.0204766 0.881381
-0.0761323 0.995049 0.0638847
-0.878326 -0.0972527 0.468066
0 699
-2.30679 -0.0429672 -2.03225
-0.585313 0.00465089 0.810794
0.025016 0.999611 0.012325
-0.810422 0.0274968 -0.585201
0 798
-0.910228 -0.163967 7.61929
-0.602288 -0.123272 -0.788704
0.168433 -0.985386 0.0253896
-0.780307 -0.117552 0.614249
0 261
-0.561271 -0.0842105 2.02024
-0.775006 -0.150969 0.613657
-0.206148 0.978323 -0.0196673
-0.597386 -0.141746 -0.789328
0 667
-3.6438 -0.153188 1.23755
-0.925714 -0.0131595 -0.377996
-0.0605169 0.991672 0.113682
0.373352 0.128112 -0.918801
0 447
-1.31913 -0.309175 1.16443
-0.583129 -0.1166 -0.803968
0.279564 -0.958003 -0.0638314
-0.762761 -0.261982 0.591237
0 537
-6.35342 -0.885512 0.52051
-0.908499 -0.0670729 -0.412469
0.121722 -0.986709 -0.107651
-0.399767 -0.148007 0.904589
0 829
0.611421 0.365842 2.43553
-0.585118 -0.0158655 -0.810793
-0.203898 0.970568 0.128153
0.784897 0.240304 -0.571131
0 651
-5.03526 -0.481137 3.078
0.465973 0.116784 -0.877058
-0.203507 0.978821 0.0222122
0.861077 0.168137 0.479871
0 381
-3.66669 -0.383941 -1.04084
0.921137 0.0520861 -0.385739
-0.0713084 0.996816 -0.0356836
0.382652 0.0603758 0.921918
0 429
-2.73076 -0.370593 -0.0597324
-0.789678 -0.0686249 -0.609672
0.209114 -0.964327 -0.16231
-0.576784 -0.255663 0.775858
0 596
0.951148 0.290287 6.07819
0.793861 0.0581714 0.60531
-0.0603997 0.998035 -0.0166991
-0.605092 -0.0233038 0.795814
0 46
-4.57681 -0.629787 3.34066
0.271139 -0.0547512 0.960982
-0.025578 0.997618 0.0640553
-0.9622 -0.0419478 0.269093
0 227
-3.30462 -0.430351 3.66056
0.365106 0.133084 0.921404
-0.0777177 -0.981918 0.17262
0.927716 -0.134634 -0.348162
0 691
-2.14002 0.0139975 0.166313
0.785893 0.166771 -0.595449
-0.261345 0.962295 -0.0754161
0.56042 0.214887 0.799845
0 332
-4.39866 -0.631411 4.11843
-0.853823 -0.214019 -0.474534
-0.226116 0.973567 -0.03224
0.46889 0.0797725 -0.879646
0 121
-0.461237 0.0216504 0.964636
0.861943 0.199433 0.466134
0.133887 -0.976285 0.170123
0.489008 -0.0842272 -0.868203
0 56
-4.80332 -0.582398 0.90538
0.0730004 -0.11576 -0.990591
-0.198974 0.971583 -0.128202
0.977282 0.20646 0.0478928
0 883
2.2 0.566008 4.39987
-0.784328 -0.061126 -0.617328
-0.16665 0.979315 0.114763
0.597543 0.192889 -0.77829
0 704
-1.7189 -0.214457 -1.56384
-0.981061 -0.143139 -0.130499
0.137366 -0.989141 0.0522586
-0.136562 0.0333426 0.99007
0 215
-4.92675 -0.79139 3.94324
-0.982901 -0.06116 0.17368
0.0512857 -0.996832 -0.0607871
0.176848 -0.0508405 0.982924
0 183
-0.608141 -0.133523 7.76607
-0.453799 -0.0420341 0.890112
0.03233 -0.999006 -0.0306939
0.890517 0.0148485 0.454707
0 293
0.795506 0.287013 5.8575
0.828319 0.0507264 0.557956
-0.066731 0.997736 0.00835735
-0.556269 -0.0441555 0.829829
0 387
-2.61609 -0.317925 -0.299711
0.456369 -0.00615102 0.88977
-0.0979069 0.993557 0.0570856
-0.884388 -0.113167 0.452826
0 148
0.810583 0.0991572 2.12096
0.969786 0.169502 0.175453
0.135905 -0.972633 0.188453
0.202595 -0.158915 -0.966282
0 140
-0.481365 -0.146125 3.43645
-0.528047 -0.0451955 0.848012
-0.0299156 -0.996973 -0.0717627
0.848688 -0.0632629 0.525096
0 652
-5.29447 -0.599207 2.81738
0.643587 0.174443 -0.745229
-0.215267 0.975631 0.0424694
0.734477 0.13309 0.665455
0 516
-4.42497 -0.693756 4.78928
-0.625293 -0.0120548 0.780297
-0.0166701 -0.999446 -0.028799
0.780212 -0.0310155 0.624746
0 206
-1.29995 -0.165107 5.93103
0.982838 0.167967 0.0762649
0.155726 -0.977087 0.145085
0.098887 -0.130719 -0.986476
0 507
-1.17575 -0.0938612 5.9836
0.990497 0.137135 -0.0104747
0.137379 -0.982895 0.122655
0.00652464 -0.122928 -0.992394
0 39
-2.27736 -0.24187 4.4982
0.92416 -0.0592336 0.377385
0.0655326 0.997843 -0.00386041
-0.376342 0.0282987 0.926048
0 491
-0.190985 -0.0659629 5.4846
0.104769 -0.0121183 -0.994423
0.285219 -0.957554 0.0417188
-0.952719 -0.288 -0.0968659
0 234
-6.13069 -0.96574 1.6431
-0.980935 -0.0907681 0.171836
0.0739277 -0.992034 -0.101997
0.179726 -0.087349 0.979831
0 807
-1.61756 -0.466874 5.13587
-0.784943 -0.0877366 0.613324
0.121289 -0.992529 0.0132453
0.60758 0.0847861 0.78972
0 639
-2.8812 -0.128913 3.41117
-0.35518 0.0147023 0.934682
-0.0684507 0.996783 -0.0416904
-0.932288 -0.0787872 -0.353031
0 413
-4.0494 -0.666824 -2.27146
-0.832859 -0.0886336 -0.546342
0.154196 -0.985172 -0.0752348
-0.531572 -0.146904 0.834176
0 784
2.7991 0.175212 6.21799
-0.880703 -0.103875 -0.462138
0.0648828 -0.992917 0.0995311
-0.469203 0.0576726 0.881205
0 675
-5.73354 -0.596297 0.17737
0.490332 0.111545 -0.864368
-0.223522 0.974698 -0.00101534
0.842385 0.193703 0.502858
0 888
0.299144 0.364342 4.51853
0.728524 0.192797 -0.65733
-0.287518 0.957023 -0.0379602
0.621761 0.216649 0.752646
0 97
-1.9048 -0.153279 -1.31709
0.937098 -0.00749725 -0.348986
-0.00163284 0.999664 -0.0258602
0.349062 0.0248034 0.936771
0 843
-3.42541 -0.750328 1.1619
-0.965726 -0.171213 -0.195087
0.16662 -0.985216 0.0398388
-0.199024 0.00596794 0.979976
0 460
0.623631 -0.0122161 5.47781
-0.361865 -0.0403988 0.931355
0.0371675 -0.998891 -0.0288874
0.931489 0.0241628 0.362966
0 757
2.60923 0.0692917 3.57731
-0.996093 -0.0856045 0.021683
0.0862804 -0.995743 0.0324325
0.0188144 0.0341766 0.999239
0 533
-5.17366 -0.685105 2.69177
-0.113117 0.0725281 0.990931
-0.0425673 -0.99677 0.0680963
0.992669 -0.0344783 0.115839
0 333
-1.02905 -0.0213668 0.0382819
0.381492 -0.0183095 0.924191
-0.103318 0.992694 0.0623149
-0.91858 -0.119258 0.376814
0 869
-2.63624 -0.70266 -2.62136
0.374101 0.0264962 0.927009
0.0967297 -0.995254 -0.0105891
0.92233 0.0936307 -0.374888
0 618
-1.79791 0.0542181 5.36514
0.321606 0.0972585 0.941865
-0.0535882 0.994986 -0.0844458
-0.945356 -0.0233147 0.325205
0 199
-3.67508 -0.526504 5.84
-0.974268 -0.14203 -0.17501
0.168111 -0.97512 -0.144501
-0.150132 -0.170204 0.973905
0 179
-0.297567 0.0658447 0.725077
0.765222 -0.0312854 0.643005
-0.0337873 0.99549 0.0886447
-0.642879 -0.0895584 0.760714
0 454
2.22942 0.228836 2.6695
0.609812 0.0809945 -0.788397
0.314125 -0.937994 0.146607
-0.727637 -0.337057 -0.597442
0 281
1.72996 0.322597 4.84461
0.448676 -0.0229107 0.893401
-0.0863766 0.993879 0.0688668
-0.88951 -0.108068 0.443951
0 583
1.88563 0.347927 5.0708
0.444673 -0.0144605 0.895576
-0.0887006 0.994244 0.0600953
-0.89129 -0.106161 0.44083
0 733
-0.731264 -0.270049 -0.122961
-0.518807 -0.109117 0.847899
0.175243 -0.984333 -0.0194484
0.836737 0.138499 0.529801
0 217
-1.39632 -0.0777055 -2.81858
0.519591 -0.049576 -0.852976
-0.0996695 0.987983 -0.118137
0.848582 0.146398 0.508405
0 670
-3.82242 -0.298778 -0.426902
-0.903904 -0.0786972 -0.420433
-0.122455 0.989398 0.0780736
0.409832 0.122055 -0.903958
0 312
-2.13632 -0.209972 7.528
-0.514331 -0.130847 0.847551
-0.140181 0.987827 0.0674346
-0.846057 -0.084127 -0.526412
0 708
-2.9258 -0.566177 -0.174306
-0.231312 -0.103436 -0.967366
0.163425 -0.984334 0.0661735
-0.959055 -0.142785 0.244592
0 210
-2.49247 -0.33649 4.31921
0.693344 0.134509 0.707942
-0.019759 -0.978506 0.205268
0.720336 -0.15631 -0.675784
0 412
-4.31913 -0.666136 -1.51037
-0.994084 -0.0669666 -0.0855118
0.0765353 -0.990526 -0.114024
-0.0770658 -0.119894 0.989791
0 462
0.109189 -0.119941 4.55911
-0.944824 -0.108355 0.309139
0.0832118 -0.992142 -0.093432
0.316834 -0.0625528 0.946416
0 269
-2.42149 -0.460933 -3.2912
-0.645111 0.392617 -0.655503
0.235479 -0.713976 -0.659385
-0.726899 -0.579733 0.368141
0 417
-2.00477 -0.258051 -2.4452
0.52197 0.0865912 -0.848557
0.266524 -0.961578 0.0658217
-0.810254 -0.260518 -0.524994
0 304
1.21071 0.2711 5.56582
0.999598 0.00310004 0.0281992
