NumCams 1
NumFrames 1236 
NumP 987
0 0
-0.0112744 0.0269929 0.0113576
0.999994 0.00121958 0.00340617
-0.00124174 0.999978 0.00651181
-0.00339817 -0.00651599 0.999973
0 1
0.70542 -0.106702 0.685459
0.994678 -0.0655617 0.0794864
0.0645231 0.997795 0.0155684
-0.0803317 -0.0103569 0.996714
0 413
0.96419 -0.106302 0.670206
0.994668 -0.056418 0.0863279
0.0554241 0.998367 0.0138698
-0.0869695 -0.00901124 0.99617
0 578
-1.28562 -0.0366266 1.46087
0.909874 -0.0663325 -0.409547
0.0761412 0.997068 0.00766945
0.407837 -0.0381617 0.912257
0 1136
-1.33915 -0.520784 0.415786
-0.921194 0.0958204 0.377121
-0.208327 -0.940044 -0.270031
0.328636 -0.327316 0.885925
0 989
0.935097 -0.0320302 1.4432
0.999406 -0.0343345 0.0028764
0.0338252 0.993606 0.107713
-0.00655625 -0.107552 0.994178
0 878
4.90903 0.278445 -2.58532
0.854533 -0.176745 0.488401
0.103871 0.979479 0.172721
-0.508906 -0.0968649 0.855355
0 422
0.832551 -0.328292 1.64738
0.713547 -0.139004 0.68668
0.175556 0.984326 0.0168313
-0.678256 0.108541 0.726765
0 596
1.15043 -0.137909 0.0203743
0.926404 -0.0847552 0.366868
0.0680236 0.995978 0.0583233
-0.370336 -0.0290751 0.928443
0 11
1.06793 -0.161258 0.350171
0.837203 -0.0110438 -0.546781
0.0236515 0.999592 0.0160244
0.546381 -0.0263478 0.837122
0 939
2.14191 0.541724 -4.30713
0.98339 0.00387715 -0.181462
0.0226071 0.98937 0.143653
0.18009 -0.145369 0.972849
0 272
0.63868 0.0594338 -4.59517
-0.996827 -0.000390798 0.079596
-0.00766627 -0.994868 -0.100894
0.079227 -0.101184 0.991708
0 521
-0.03459 0.496922 -4.76407
0.58515 0.0179539 -0.810726
0.0191149 0.999172 0.0359235
0.810699 -0.0365176 0.584323
0 270
0.22962 -0.122863 -3.27899
-0.635086 0.126788 -0.761965
-0.0739896 -0.991886 -0.103376
-0.768889 -0.00927552 0.639315
0 1088
-2.05688 0.765645 -3.64457
0.268755 0.0311641 -0.962704
0.0615183 0.99688 0.0494443
0.961242 -0.0725124 0.265999
0 1049
5.9779 0.527027 -4.91245
0.754526 -0.166242 0.634866
0.160624 0.984742 0.06696
-0.63631 0.0514515 0.769715
0 977
-0.842663 0.937058 -5.25946
0.97557 -0.0616436 -0.210865
0.0800433 0.993587 0.0798591
0.20459 -0.0947864 0.974248
0 542
-1.04011 0.522579 -3.59598
0.962871 -0.128728 -0.237294
0.160409 0.979807 0.119363
0.217137 -0.152995 0.964077
0 876
5.84641 0.170052 -2.88173
0.240033 -0.205956 0.948666
0.060194 0.978513 0.197205
-0.968897 0.00976828 0.247273
0 109
-0.100626 0.481269 -4.52017
0.58325 0.00902717 -0.812242
0.0272238 0.999159 0.0306533
0.811836 -0.0399908 0.582514
0 891
4.64715 0.396493 -3.95491
0.963321 -0.15712 0.217546
0.136201 0.984764 0.108117
-0.231218 -0.0745218 0.970044
0 215
3.7392 0.352157 -4.06781
0.885541 0.0325763 -0.463417
0.00144994 0.99734 0.0728794
0.464559 -0.0652097 0.883138
0 830
-1.12485 0.16841 -0.12405
0.787057 -0.107527 0.607437
0.0228166 0.989092 0.145523
-0.616459 -0.100675 0.780924
0 587
1.32007 -0.22659 1.2239
0.635936 0.0186191 -0.771517
0.0528373 0.996313 0.0675963
0.769931 -0.0837518 0.632608
0 1109
-1.50194 -0.36998 -0.940422
0.00401998 -0.164269 0.986407
-0.254137 -0.954197 -0.15787
0.96716 -0.250048 -0.0455828
0 729
0.902014 -0.600303 1.31554
-0.82482 0.0538013 -0.56283
-0.0336491 -0.998369 -0.0461224
-0.564394 -0.0191039 0.825285
0 544
-0.368758 0.28003 -2.38533
0.535791 -0.00876313 -0.844305
0.109163 0.992273 0.0589751
0.837264 -0.123765 0.532608
0 1058
3.38925 0.21132 -6.32586
-0.866237 0.176364 0.467472
-0.267237 -0.954093 -0.135244
0.422159 -0.242079 0.873601
0 614
3.46918 -0.0325357 -1.17768
0.646061 0.0841298 -0.758635
-0.00629354 0.994461 0.104922
0.76326 -0.0630117 0.643012
0 959
-0.508787 1.03053 -6.49986
0.702657 -0.116959 0.70185
0.0712337 0.993005 0.0941629
-0.707954 -0.0161688 0.706074
0 325
2.96333 -0.601634 -0.00149894
-0.870542 -0.0447546 0.490056
-0.0501195 -0.982614 -0.178771
0.489536 -0.180189 0.853163
0 500
3.52816 0.386163 -5.52375
0.343792 0.0590294 -0.937189
-0.137009 0.990496 0.0121276
0.928997 0.124234 0.348612
0 1038
4.85156 0.299186 -3.4786
-0.0344085 -0.168053 0.985177
0.15724 0.972574 0.171395
-0.986961 0.160807 -0.00704014
0 250
4.32147 0.363596 -7.03602
-0.923241 -0.0483805 -0.381164
0.0227558 -0.997184 0.0714527
-0.383548 0.0572944 0.921742
0 383
4.00357 -0.0837425 -4.34545
-0.957024 0.0566627 -0.284419
-0.0235379 -0.992668 -0.118561
-0.289052 -0.106771 0.951341
0 307
0.193082 -0.202667 -1.53334
0.0494072 -0.195802 0.979398
-0.044988 -0.980037 -0.19366
0.997765 -0.034493 -0.0572298
0 875
6.04058 0.16824 -2.91131
0.0358096 -0.192986 0.980548
0.0541606 0.98011 0.190922
-0.99789 0.0462702 0.0455496
0 74
4.47793 0.447664 -6.58541
0.611835 -0.0796928 0.78696
0.137743 0.990445 -0.00679129
-0.7789 0.112553 0.616966
0 385
3.72765 0.116109 -5.63469
-0.695913 -0.101705 0.710888
0.0100926 -0.991208 -0.13193
0.718056 -0.0846369 0.69082
0 1180
5.26806 -0.404458 -3.41466
-0.380984 0.266975 -0.885198
-0.00612205 -0.958111 -0.286331
-0.924561 -0.103668 0.36666
0 1024
4.9712 -0.0213612 -1.38845
0.816271 -0.162578 0.554319
0.0982775 0.984674 0.144078
-0.569247 -0.0631297 0.819739
0 1220
1.99031 -0.19437 -4.76121
-0.822798 0.0785697 -0.562877
0.0435043 -0.978785 -0.200218
-0.566667 -0.189226 0.801924
0 201
3.61788 -0.119384 -0.776128
0.432189 0.0778435 -0.898417
-0.0245226 0.996913 0.074581
0.90145 -0.0102016 0.432764
0 433
3.56943 -0.168449 -0.303717
0.810233 0.00311864 -0.586099
0.0112266 0.99972 0.0208393
0.586 -0.0234646 0.809971
0 1070
-2.73821 0.995506 -4.61521
0.965222 -0.130636 -0.226453
0.1615 0.97911 0.123539
0.205584 -0.155815 0.966156
0 529
-0.55403 0.608462 -5.08334
0.567472 -0.196226 0.79967
0.127443 0.980416 0.15014
-0.813471 0.0167123 0.581366
0 1010
-2.35049 0.865506 -4.37263
0.646759 0.0499152 -0.76106
0.00173581 0.997757 0.0669144
0.762693 -0.0445985 0.645221
0 1092
-0.494476 -0.172352 -3.42165
0.0229815 -0.0632859 0.997731
-0.280307 -0.958371 -0.0543327
0.959635 -0.278423 -0.0397644
0 987
-1.4806 0.127079 0.369049
-0.756314 0.176931 -0.629829
0.00983578 0.9657 0.259473
0.654135 0.190049 -0.732113
0 998
-1.31652 0.858736 -4.58553
0.592835 0.0126311 -0.805225
0.0279808 0.99895 0.0362704
0.804837 -0.0440332 0.59186
0 916
4.63331 0.508726 -6.38163
0.89723 -0.119134 0.425188
0.0865985 0.991691 0.0951248
-0.432988 -0.0485281 0.900092
0 940
0.693413 0.996033 -6.72814
-0.087253 -0.0938274 0.991758
0.0234759 0.995084 0.0962075
-0.99591 0.0316769 -0.0846214
0 595
1.12524 -0.177023 1.04141
0.870456 -0.0294833 -0.491363
0.0654162 0.996279 0.0561059
0.487881 -0.0809808 0.869146
0 236
4.65103 0.194436 -6.03903
-0.569196 0.071687 -0.819071
-0.0187658 -0.997065 -0.0742246
-0.821988 -0.0268778 0.56887
0 633
-0.928602 0.86669 -6.23268
0.533414 0.124432 -0.836652
-0.0521337 0.992076 0.114309
0.844246 -0.0173564 0.535674
0 340
3.26003 -0.382563 -1.24171
-0.212764 -0.205682 0.95521
-0.0200414 -0.976469 -0.214724
0.976898 -0.0648292 0.203635
0 1194
1.93292 -0.0996321 -4.35748
-0.913913 0.081087 0.397729
-0.222673 -0.9194 -0.324222
0.339382 -0.384875 0.858307
0 518
0.689965 0.828331 -7.54632
0.0844247 -0.189234 0.978296
0.100188 0.978438 0.180616
-0.99138 0.0827647 0.101563
0 852
0.427289 1.03017 -7.3614
0.892841 -0.116529 0.435036
0.0695185 0.990029 0.122514
-0.444975 -0.0791424 0.892039
0 793
3.59413 -0.163771 -3.99612
-0.821603 0.0610944 -0.566777
-0.0499119 -0.998132 -0.0352388
-0.567871 -0.000663419 0.823117
0 912
3.4785 0.517196 -5.45365
-0.340972 -0.107998 0.933849
-0.0137489 0.993846 0.109916
-0.939973 0.0246388 -0.340359
0 1094
0.168007 -0.208139 -3.44111
0.670725 -0.098047 0.735197
-0.185925 -0.981802 0.0386862
0.718025 -0.16264 -0.676748
0 1093
0.0335528 -0.23541 -3.39022
0.457409 -0.109023 0.882548
-0.207799 -0.978083 -0.0131269
0.864637 -0.177388 -0.470039
0 235
3.58067 0.23679 -5.7245
0.208624 0.0159042 -0.977867
-0.0768266 -0.996511 -0.0325981
-0.974974 0.0819269 -0.206674
0 890
5.1683 0.474974 -4.55408
0.530125 -0.227387 0.816861
0.156867 0.973042 0.16906
-0.833283 0.0385159 0.551504
0 665
0.852165 0.459208 -5.93376
0.13785 -0.0515467 -0.989111
-0.125088 -0.991555 0.0342409
-0.982522 0.119006 -0.143133
0 754
-2.13702 0.730083 -4.4055
-0.00300038 0.212063 -0.977251
-0.0917975 0.973071 0.211438
0.995773 0.0903436 0.0165473
0 765
6.17822 -0.721112 -1.32542
-0.950294 -0.0383284 0.308985
-0.0191688 -0.983309 -0.18093
0.310763 -0.17786 0.933698
0 317
1.07151 -0.605116 1.48622
-0.824088 0.0628534 -0.562964
-0.042331 -0.997879 -0.0494449
-0.564878 -0.0169161 0.825001
0 58
0.829915 0.592043 -5.49245
-0.526886 -0.0657058 0.847392
0.150806 0.973961 0.169287
-0.83645 0.216987 -0.503257
0 1190
4.94775 -0.612191 -1.96303
-0.216519 0.0230454 0.976006
-0.301369 -0.952475 -0.0443665
0.928599 -0.303744 0.213174
0 711
-0.353474 -0.280353 -0.935809
-0.998481 -0.0156946 -0.0528228
0.0197431 -0.996834 -0.0770166
-0.051447 -0.0779425 0.99563
0 913
3.24266 0.532234 -5.56089
-0.448134 -0.075598 0.890764
0.122933 0.981741 0.145165
-0.885474 0.174558 -0.430658
0 514
1.4221 0.452617 -5.36947
-0.218725 0.10918 -0.969659
-0.073698 0.989034 0.127986
0.972999 0.0994557 -0.20828
0 572
-0.0675096 -0.345903 1.98718
-0.515561 0.119718 -0.848448
-0.0350006 0.986422 0.160455
0.856138 0.112421 -0.504371
0 426
2.31173 -0.105894 -0.67949
0.431855 0.0624806 -0.899776
-0.0192698 0.998009 0.0600532
0.901737 -0.00859585 0.4322
0 1156
2.45973 -0.850063 1.28758
-0.279168 -0.038239 0.95948
-0.300172 -0.945656 -0.125025
0.912119 -0.322913 0.252519
0 1127
-1.20947 0.574283 -2.43422
-0.748011 0.032432 -0.662893
-0.0213297 0.997115 0.0728522
0.663343 0.0686335 -0.745161
0 108
-0.297244 0.526141 -4.79905
0.793887 -0.0117713 -0.607952
0.0880576 0.991499 0.0957916
0.601656 -0.129582 0.788174
0 825
0.893233 -0.0847894 0.910383
-0.996421 0.0696647 -0.0478648
0.0600907 0.982108 0.178473
0.0594418 0.174958 -0.98278
0 434
3.30273 -0.153123 -0.529948
0.598177 0.0590362 -0.799186
-0.0339448 0.998254 0.0483343
0.800644 -0.00178426 0.599137
0 1020
4.49656 -0.286108 0.893575
0.108246 -0.148323 0.982997
0.0930463 0.985978 0.138526
-0.98976 0.0764693 0.120529
0 495
0.620205 0.48788 -4.11522
0.0844944 -0.130463 0.987846
0.151504 0.981547 0.116672
-0.984839 0.139805 0.102701
0 209
-0.344588 0.674927 -4.79835
0.993967 -0.0239909 0.107024
0.0138762 0.99545 0.0942706
-0.108799 -0.0922168 0.989777
0 756
1.71777 -0.583093 0.645298
0.969604 -0.118255 -0.214206
-0.15333 -0.975896 -0.155293
-0.190678 0.183417 -0.964365
0 760
4.145 -0.648642 -0.00439489
0.925948 -0.102017 -0.363611
-0.174495 -0.969455 -0.172363
-0.33492 0.223047 -0.915466
0 1086
-0.398107 0.335339 -6.01024
-0.92017 0.1161 0.373909
-0.195823 -0.96346 -0.182752
0.33903 -0.241383 0.909282
0 447
3.29164 -0.331531 0.380607
-0.973294 0.132117 -0.187735
0.0807555 0.962568 0.258729
0.21489 0.236659 -0.947531
0 1027
2.80787 0.315407 -2.3104
-0.997045 0.0757241 -0.0128992
0.0739358 0.991591 0.10621
0.0208334 0.104943 -0.99426
0 283
-1.3747 -0.0626246 -2.0202
0.0222847 0.0848881 -0.996141
-0.135123 -0.98699 -0.0871312
-0.990578 0.136543 -0.0105246
0 649
4.93604 0.242178 -7.28559
-0.971731 -0.0768508 0.223233
0.0359911 -0.982706 -0.18164
0.233331 -0.168471 0.957692
0 1068
1.83517 0.42308 -7.41053
-0.982894 0.182467 0.0249791
-0.182196 -0.943575 -0.276534
-0.0268889 -0.276355 0.960679
0 770
4.74365 -0.363228 -2.10167
0.656961 -0.0507962 -0.752211
-0.185891 -0.977838 -0.0963196
-0.730648 0.203108 -0.651844
0 813
-0.955756 0.469525 -6.39709
-0.459595 0.274018 -0.8448
-0.144826 -0.961604 -0.233115
-0.876241 0.015211 0.481634
0 480
4.90238 -0.0384136 -2.46106
-0.677921 0.0217715 0.734812
0.198584 0.967824 0.154534
-0.707804 0.250684 -0.660432
0 941
-0.694536 0.734198 -5.08301
-0.60402 0.183612 -0.775529
0.050593 0.97997 0.192611
0.795361 0.0771045 -0.601211
0 994
1.25208 0.0804627 -0.349633
0.0636169 0.0569255 -0.99635
0.00845504 0.998305 0.0575771
0.997939 -0.012087 0.0630278
0 758
5.07946 -0.623665 -0.780097
-0.265757 -0.173047 0.948382
-0.102783 -0.973064 -0.206353
0.958545 -0.152317 0.240813
0 696
-1.36541 -0.0268831 -1.98724
-0.0693967 0.0586507 -0.995864
-0.13033 -0.990247 -0.0492379
-0.989039 0.126374 0.0763637
0 1017
4.63592 0.0324636 -1.63207
0.551732 0.00636476 -0.833997
0.148917 0.98315 0.106019
0.820619 -0.18269 0.541488
0 16
1.34416 -0.0643974 -0.679815
-0.61194 0.0834476 -0.78649
-0.0831391 0.982122 0.168892
0.786522 0.16874 -0.594062
0 1201
1.70266 0.0434017 -4.86484
-0.988469 0.150017 -0.0205979
-0.135264 -0.935916 -0.325216
-0.068066 -0.31868 0.945415
0 321
0.476328 -0.199859 -0.999286
-0.256942 -0.194491 0.946654
0.0370254 -0.980802 -0.191457
0.965717 -0.0141432 0.259211
0 78
4.12462 0.110956 -4.86864
0.80207 0.0506007 -0.595083
-0.0125493 0.997612 0.0679139
0.597099 -0.0470038 0.800789
0 162
-1.74779 -0.0361617 0.444716
0.858803 -0.135871 0.49396
0.0962881 0.989815 0.104856
-0.503176 -0.0424886 0.863139
0 961
-0.382778 0.427047 -3.17834
-0.17734 0.202125 -0.96317
-0.00438666 0.97851 0.206152
0.98414 0.0407842 -0.172642
0 537
1.48769 0.320891 -4.031
-0.999431 -0.00496306 -0.0333591
-0.00824543 0.995054 0.0989904
0.0327028 0.0992091 -0.994529
0 120
-0.248034 0.225426 -2.37996
0.492678 0.0230494 -0.869906
0.154707 0.981405 0.113623
0.856349 -0.19056 0.479951
0 1072
3.39364 0.135304 -6.25265
0.359921 0.0110028 0.932918
-0.21637 -0.971685 0.0949359
0.907547 -0.236025 -0.347349
0 1166
-2.02105 0.884651 -4.28697
0.0657605 -0.227806 0.971483
0.0508227 0.973092 0.224743
-0.99654 0.0345942 0.0755688
0 592
-2.06866 0.752212 -4.37451
-0.764534 -0.0336313 0.643705
0.101644 0.979853 0.171918
-0.636518 0.196866 -0.745713
0 968
-0.283034 0.290027 -2.38716
-0.275661 0.14058 -0.95092
-0.00913674 0.98882 0.148832
0.961212 0.0497154 -0.271294
0 205
3.37644 0.209048 -3.69068
0.416796 -0.127352 0.900035
0.136666 0.987662 0.0764621
-0.898668 0.0911348 0.429058
0 950
0.869543 0.627141 -5.11586
0.404816 0.193058 -0.893786
-0.115939 0.980406 0.159257
0.907018 0.0391545 0.419266
0 331
1.64139 -0.492227 1.05565
0.700307 -0.0407212 -0.71268
-0.188889 -0.973356 -0.129994
-0.688398 0.225653 -0.68934
0 846
3.13239 0.0134513 -0.512387
-0.438723 -0.0735016 0.895611
0.02889 0.99498 0.0958087
-0.898158 0.0679077 -0.434397
0 540
-0.689744 0.646011 -4.87597
0.646671 -0.236356 0.725226
0.143194 0.971494 0.188932
-0.749208 -0.0183286 0.662081
0 942
-1.13333 0.700139 -3.96828
-0.986862 0.130813 -0.0948204
0.100108 0.955744 0.276643
0.126813 0.263516 -0.956283
0 647
3.67861 0.2518 -5.95465
0.205065 0.00788953 -0.978717
-0.0731186 -0.99705 -0.0233575
-0.976013 0.0763522 -0.203883
0 369
2.08898 0.225883 -5.39459
0.935746 -0.125697 0.329513
-0.0646396 -0.979629 -0.190128
0.346699 0.156612 -0.924809
0 354
5.3462 -0.491516 -2.16666
-0.281516 -0.195391 0.939453
0.000755489 -0.979094 -0.203409
0.959556 -0.0565531 0.275778
0 928
1.92759 0.786428 -5.7148
-0.488442 0.1498 -0.859642
0.107825 0.987965 0.110896
0.865909 -0.038525 -0.498716
0 1228
-0.515577 0.243632 -0.912525
-0.732219 -0.142959 0.665896
0.00182033 0.977308 0.211817
-0.681067 0.156309 -0.715343
0 784
-2.56464 0.384549 -1.71343
-0.577778 -0.019133 0.81597
0.193617 0.967976 0.159795
-0.792897 0.250311 -0.555571
0 602
2.7528 -0.102474 0.174
0.947633 -0.00588472 -0.319307
0.0423603 0.993312 0.10741
0.316539 -0.115311 0.941545
0 622
3.88031 -0.0840936 -1.6488
0.266048 0.152822 -0.951769
-0.0363726 0.988242 0.148511
0.963273 -0.00489281 0.268478
0 925
0.181917 0.725431 -5.47782
-0.743088 0.00945002 0.669127
0.0896615 0.992291 0.0855581
-0.66316 0.123572 -0.738207
0 347
4.09382 -0.45807 -1.29098
0.608808 -0.141717 0.780557
-0.0330176 -0.987589 -0.153552
0.79263 0.0677118 -0.605931
0 564
-0.892286 0.0670674 -0.507948
0.978951 -0.0864911 -0.184861
0.119947 0.976647 0.17825
0.165127 -0.196671 0.966464
0 1078
1.0531 0.191131 -5.60744
-0.0510767 0.0270497 0.998328
-0.247993 -0.968667 0.0135581
0.967414 -0.246886 0.0561843
0 752
3.16318 -0.424043 -1.02792
-0.213094 -0.215125 0.953054
-0.0224128 -0.974126 -0.224893
0.976775 -0.0692839 0.202759
0 1141
0.974109 -0.752143 1.45386
0.840791 -0.0392846 0.539932
-0.0951453 -0.992562 0.0759446
0.532933 -0.115226 -0.838275
0 1129
0.788598 -0.5236 -0.674551
0.778368 0.0989145 -0.619967
0.0913381 -0.994845 -0.0440505
-0.621129 -0.0223391 -0.78339
0 584
2.85027 -0.326724 0.621644
-0.962615 -0.000598699 0.270872
0.0498282 0.982541 0.179249
-0.266251 0.186045 -0.945779
0 805
-0.352602 -0.0660282 -4.64173
-0.691592 -0.0548002 0.720207
-0.130663 -0.971174 -0.199367
0.710372 -0.231985 0.664496
0 251
0.082835 0.574874 -6.39133
0.759882 -0.128015 -0.637331
-0.142889 -0.989332 0.0283529
-0.634162 0.0695228 -0.770068
0 104
1.81301 0.642389 -5.84377
0.457259 -0.163758 0.874127
0.215826 0.973951 0.0695596
-0.862748 0.156853 0.480691
0 530
-0.996764 0.604765 -4.2194
0.97671 -0.154232 0.149168
0.130315 0.978696 0.158656
-0.170459 -0.135522 0.976001
0 507
1.76397 0.538448 -4.94858
0.892394 -0.139449 0.429171
0.124375 0.990225 0.0631323
-0.433779 -0.00296066 0.901014
0 367
-2.63837 0.420885 -2.14787
-0.646116 -0.0248961 0.762833
0.214325 0.953334 0.212646
-0.732529 0.300888 -0.610629
0 1084
0.17766 0.503311 -7.41027
-0.723759 0.235568 -0.648599
-0.0352449 -0.951319 -0.306185
-0.689152 -0.198745 0.696829
0 505
3.43958 0.368807 -5.77592
-0.0153077 0.137785 -0.990344
-0.0369753 0.989705 0.138267
0.999199 0.0387348 -0.0100554
0 1029
3.41681 0.334034 -3.5129
-0.358515 0.116547 -0.92622
-0.00543493 0.991899 0.126915
0.933508 0.0505349 -0.354977
0 1014
2.64513 -0.0235077 0.258465
-0.976247 0.0317746 0.214318
0.0753621 0.977219 0.198402
-0.203132 0.209841 -0.956402
0 598
-2.34706 0.715827 -4.2525
-0.657141 -0.0426534 0.75256
0.0956412 0.98561 0.139377
-0.747675 0.163566 -0.643605
0 698
-1.35268 -0.284714 -0.673763
-0.189605 0.133147 -0.972791
-0.107181 -0.987649 -0.11429
-0.975993 0.0825947 0.201534
0 118
-1.25946 0.605801 -4.1691
0.976044 -0.162548 0.144623
0.138621 0.976927 0.162472
-0.167695 -0.138532 0.976057
0 389
0.606136 0.320195 -6.56756
-0.329533 0.206305 -0.921328
0.0950157 -0.963634 -0.249763
-0.939351 -0.169846 0.297947
0 485
4.95785 0.475797 -6.43833
0.701331 -0.0650178 0.709865
0.15139 0.9867 -0.0591965
-0.696575 0.148983 0.701846
0 828
0.556115 0.129466 -0.233686
-0.522129 -0.14094 0.841141
0.0360892 0.981716 0.186897
-0.852103 0.12794 -0.507496
0 971
0.65537 -0.00644671 -0.190326
0.693352 -0.105334 0.712859
0.0886506 0.994213 0.0606834
-0.715125 0.0211205 0.698677
0 922
2.27866 0.921922 -8.3103
0.282282 0.182722 -0.94177
-0.0357221 0.983015 0.180017
0.958666 -0.0171737 0.284014
0 1128
0.787407 -0.589926 -0.116779
0.970193 0.0813705 -0.228262
0.0696989 -0.995837 -0.0587497
-0.232093 0.0410889 -0.971825
0 687
0.117994 0.172779 -5.36106
-0.681028 -0.0967293 0.72584
0.0154705 -0.992916 -0.117806
0.732094 -0.069 0.6777
0 847
0.466847 1.07128 -7.48242
0.829462 -0.141256 0.540406
0.0868187 0.98834 0.125084
-0.551774 -0.0568348 0.832055
0 384
-1.32286 0.303265 -1.59102
0.432316 -0.117404 0.894046
0.187919 0.981449 0.0380132
-0.881924 0.151575 0.446359
0 682
0.136295 -0.11382 -3.50623
-0.636118 0.117991 -0.762517
-0.0671169 -0.992954 -0.0976581
-0.768667 -0.0109444 0.639556
0 1157
2.76308 -0.888326 1.37795
-0.144054 -0.049761 0.988318
-0.302093 -0.948848 -0.0918059
0.942331 -0.311789 0.121653
0 441
5.32313 -0.504033 1.10965
0.859397 -0.0980431 0.50182
0.152562 0.985907 -0.0686497
-0.488018 0.135556 0.862243
0 678
0.0108935 0.165954 -4.28655
-0.0902871 0.0992024 -0.990963
0.0731773 -0.991676 -0.105941
-0.993224 -0.082081 0.0822763
0 839
2.36307 0.034196 -0.825658
-0.247284 -0.08613 0.965107
0.0958744 0.988978 0.112826
-0.964188 0.120429 -0.236301
0 6
-0.974913 -0.00419 -0.091984
-0.642853 0.123769 -0.755924
-0.0682355 0.973683 0.217452
0.762944 0.191371 -0.617489
0 1116
-1.81146 -0.076773 -2.67114
-0.355334 0.222236 -0.907937
0.0379857 -0.967091 -0.251581
-0.933967 -0.123884 0.335199
0 986
-1.61997 0.0961439 0.563484
-0.840851 0.129717 -0.525493
0.0293258 0.98035 0.195073
0.540471 0.148617 -0.828133
0 526
2.30714 0.44503 -5.17065
-0.989425 0.0342313 -0.140948
0.00941717 0.984862 0.173082
0.144739 0.169924 -0.97477
0 124
1.65546 0.0787733 -3.27944
-0.873096 0.0770561 -0.48142
0.0501 0.996384 0.0686206
0.484967 0.0357932 -0.8738
0 1217
-0.173265 -0.173497 -4.66891
0.674757 0.0632647 -0.735324
-0.0371045 -0.992151 -0.11941
-0.737107 0.107856 -0.667114
0 926
1.63588 0.610223 -5.35102
0.332352 -0.116106 0.935981
0.0250015 0.99313 0.114318
-0.942824 -0.0145928 0.332972
0 772
6.22588 -0.548443 -2.06928
-0.431164 0.061811 -0.900154
-0.0871814 -0.995837 -0.0266223
-0.898052 0.0669981 0.434758
0 439
3.06559 -0.467907 1.90153
0.140838 -0.15053 0.978522
0.264531 0.95816 0.109324
-0.954038 0.243453 0.174765
0 151
-1.24421 0.174582 -1.20729
0.984005 -0.137677 0.113042
0.12915 0.988425 0.0796047
-0.122693 -0.0637321 0.990396
0 929
1.78484 0.884677 -6.2761
-0.824654 -0.0115637 0.565519
0.088806 0.984745 0.149635
-0.558623 0.173619 -0.811047
0 733
0.369469 -0.244887 -0.772374
-0.253696 -0.202028 0.945951
0.0343999 -0.979211 -0.199905
0.966672 -0.0181746 0.255372
0 10
0.632417 -0.314538 1.49395
0.716354 -0.146381 0.682209
0.181987 0.983101 0.0198469
-0.673586 0.109936 0.730887
0 273
2.36567 0.715986 -6.77813
0.991284 -0.127188 0.0343465
0.127443 0.991832 -0.00531197
-0.0333904 0.00964284 0.999396
0 409
-0.856439 -0.145786 0.910077
0.606899 -0.11919 0.785791
0.19936 0.979912 -0.0053398
-0.769369 0.159896 0.61847
0 160
0.112217 -0.389034 2.12864
-0.514547 0.109626 -0.850425
-0.0390133 0.987774 0.150935
0.856574 0.110841 -0.503979
0 610
3.18724 -0.139412 -0.10006
0.880966 -0.0132944 -0.472992
0.0431417 0.997699 0.0523108
0.471208 -0.0664898 0.879512
0 569
0.0584878 -0.0359571 -0.182467
-0.245396 -0.146487 0.958291
0.100346 0.979369 0.175405
-0.964215 0.139205 -0.225634
0 527
1.87826 0.357053 -4.22039
-0.996426 0.0159494 0.0829475
0.0355866 0.969872 0.241001
-0.0766047 0.243092 -0.966974
0 974
-1.08803 0.336107 -1.35152
-0.962383 0.158795 -0.22046
0.116724 0.974372 0.192288
0.245345 0.159321 -0.956255
0 319
1.33268 -0.483292 0.136552
-0.920681 -0.0768119 0.382682
0.0522588 -0.995876 -0.0741646
0.3868 -0.0482834 0.920899
0 107
0.282631 0.896839 -7.68135
0.326311 -0.217095 0.919995
0.190781 0.968366 0.160841
-0.92581 0.123034 0.357406
0 25
1.23761 -0.123196 0.250013
-0.996771 0.0711931 -0.0371419
0.0583777 0.960075 0.273584
0.0551363 0.270532 -0.961131
0 972
0.44576 0.0194477 0.161021
0.496279 -0.087058 0.863787
0.148956 0.988744 0.0140708
-0.855289 0.121683 0.503661
0 400
-1.47296 0.0353986 0.182091
0.405402 -0.0670795 0.911674
0.110576 0.993579 0.0239351
-0.907426 0.0911061 0.410217
0 204
3.11531 0.219381 -3.57725
0.649606 -0.138411 0.747566
0.137322 0.988477 0.063688
-0.747767 0.0612847 0.661127
0 1173
4.62637 -0.973444 0.705077
-0.389411 -0.0400996 0.920191
-0.249161 -0.957217 -0.147154
0.886723 -0.286579 0.36276
0 591
3.36024 -0.315548 0.248052
-0.987157 0.0355739 0.155745
0.0659605 0.978675 0.194536
-0.145503 0.202311 -0.968452
0 125
1.73724 0.287337 -4.06495
-0.999513 -0.0137411 -0.0280071
-0.0165114 0.994728 0.101215
0.0264687 0.101628 -0.99447
0 411
-0.282134 0.0610255 -0.32736
0.983388 0.00785694 -0.181345
-0.0146163 0.999246 -0.0359671
0.180926 0.0380202 0.982762
0 287
-0.382976 -0.253259 -1.04906
-0.945316 0.0529234 -0.321833
-0.0406793 -0.998174 -0.0446565
-0.323609 -0.0291225 0.945743
0 964
-0.545587 1.01768 -6.37326
0.801158 -0.111345 0.588004
0.0728155 0.993376 0.0888956
-0.594007 -0.0284036 0.803958
0 169
0.462255 0.178152 -0.387006
0.199897 -0.156183 0.967289
0.218888 0.969383 0.111286
-0.955055 0.189482 0.227964
0 1033
-0.252016 0.794953 -4.77071
-0.998742 0.00889006 -0.0493455
-0.00185454 0.976933 0.21354
0.0501056 0.213363 -0.975687
0 993
0.651102 0.277647 -0.222421
-0.222783 0.0922951 -0.970489
0.122289 0.990291 0.0661059
0.967167 -0.103952 -0.231907
0 491
4.51651 0.38286 -6.77611
0.738206 -0.122322 0.663392
0.124317 0.991247 0.0444379
-0.663021 0.0496666 0.746951
0 164
-0.0494896 -0.0228421 -0.306246
-0.304418 -0.119629 0.944996
0.132804 0.977062 0.16647
-0.943235 0.176176 -0.281548
0 1087
0.497106 0.0867381 -5.1423
-0.221903 -0.0260374 0.974721
-0.150813 -0.986697 -0.0606912
0.963335 -0.160469 0.215024
0 310
-1.33736 -0.173864 -0.361989
0.921056 -0.177817 0.346464
-0.0952344 -0.965502 -0.242354
0.377606 0.190226 -0.906216
0 7
1.43765 0.887748 -7.78959
0.030813 0.116117 -0.992757
-0.0755835 0.990656 0.113525
0.996663 0.071538 0.0393017
0 676
-1.95471 0.647381 -3.516
-0.296525 -0.0291357 0.954581
0.164556 0.983026 0.0811205
-0.940741 0.181136 -0.286697
0 717
0.701607 -0.420846 -0.693032
-0.777281 -0.0941105 0.622076
0.018383 -0.991724 -0.127063
0.628886 -0.0873281 0.772578
0 459
6.18569 -0.434923 -0.0695418
0.0125613 -0.128945 0.991572
0.245398 0.961721 0.121955
-0.969341 0.241798 0.0437233
0 165
0.927851 -0.279404 1.479
-0.999775 0.0101522 0.01862
0.0143272 0.970656 0.240047
-0.0156366 0.24026 -0.970583
0 145
0.057477 0.225711 -2.70679
0.0335646 -0.181161 0.982881
0.0647292 0.981764 0.178745
-0.997338 0.0576216 0.0446788
0 377
1.6001 0.311852 -5.03651
0.972857 -0.158669 0.168441
-0.125323 -0.973182 -0.192903
0.194531 0.166558 -0.966652
0 33
4.29877 -0.288833 -0.851218
-0.149546 0.148222 -0.977582
-0.00972217 0.988432 0.151355
0.988707 0.0321388 -0.146375
0 535
0.890042 0.186694 -2.65035
-0.542416 0.0874695 -0.835544
0.0577914 0.996094 0.0667599
0.83812 -0.0120756 -0.545353
0 574
-1.51725 -0.0476514 0.538127
0.858189 -0.126447 0.497517
0.0878676 0.991068 0.100319
-0.505758 -0.0423772 0.861634
0 579
-1.12134 0.0796361 0.519455
0.718593 -0.168493 0.674711
0.133331 0.985587 0.104125
-0.68253 0.0151361 0.730701
0 671
0.569769 0.708456 -7.52954
0.598153 -0.26543 0.756148
-0.0739071 -0.957805 -0.277753
0.797966 0.110254 -0.592532
0 420
-1.65732 -0.110477 1.16806
-0.995195 0.0561801 0.0801941
0.0776475 0.951768 0.29683
-0.0596502 0.30163 -0.951557
0 1162
4.31763 -0.783708 -0.0335479
0.94431 0.0387307 -0.326771
0.0592634 -0.996828 0.0531113
-0.323678 -0.069519 -0.94361
0 583
2.64066 -0.305549 0.487108
-0.876061 0.01963 0.481801
0.138971 0.967054 0.21329
-0.461741 0.253811 -0.849926
0 454
5.97887 -0.220853 -1.82255
0.184974 0.154193 -0.970572
-0.0860312 0.986363 0.140306
0.978971 0.0575465 0.195717
0 1013
3.2837 -0.152578 0.775883
-0.3046 -0.116923 0.945276
0.0996423 0.98308 0.153707
-0.947254 0.141009 -0.287796
0 353
6.42346 -0.704015 -1.35097
-0.950636 -0.0293499 0.308916
-0.0270804 -0.983872 -0.176812
0.309124 -0.17645 0.93451
0 802
0.356092 0.451583 -7.0488
-0.555828 0.156337 -0.816464
-0.104593 -0.987504 -0.117884
-0.824691 0.0198732 0.565234
0 638
4.64859 0.382553 -4.30644
0.0940908 0.16132 -0.982406
-0.0530436 0.986195 0.156862
0.99415 0.0373511 0.101349
0 727
-0.289221 -0.570749 1.31065
0.195545 0.0320676 -0.98017
-0.142744 -0.987891 -0.0607978
-0.970251 0.151802 -0.1886
0 1055
-2.11994 1.0729 -5.94884
0.563063 -0.216399 0.797578
0.116424 0.976254 0.182686
-0.818172 -0.0100065 0.574887
0 1139
-0.321036 -0.706569 1.44795
-0.217644 -0.0282544 0.975619
-0.288002 -0.953214 -0.091854
0.932569 -0.300972 0.199324
0 289
-0.173101 -0.160677 -2.20128
-0.92332 -0.0398112 0.381963
-0.00377721 -0.993622 -0.112694
0.384014 -0.105495 0.917281
0 187
3.06534 -0.197781 -0.87591
-0.317629 -0.0974337 0.943196
0.194723 0.966804 0.165447
-0.928006 0.236213 -0.288112
0 745
2.78753 -0.713641 1.21359
0.156907 0.0626106 -0.985627
-0.17618 -0.980206 -0.0903133
-0.971772 0.187819 -0.14277
0 1069
1.80441 0.365263 -6.9277
-0.951216 0.148805 0.270269
-0.22675 -0.931217 -0.285342
0.209219 -0.332705 0.91953
0 995
2.83689 -0.0551502 0.244082
0.889263 -0.0277971 -0.456552
0.0886028 0.989714 0.11232
0.448733 -0.140334 0.882579
0 838
2.46987 0.0112084 -0.536251
-0.424871 -0.0759222 0.902064
0.0749288 0.990108 0.118624
-0.902147 0.11799 -0.41498
0 423
1.23304 -0.134876 0.189135
0.837367 -0.00111638 -0.54664
0.0157898 0.99963 0.022146
0.546413 -0.0271756 0.837075
0 848
2.05297 0.15012 -0.792651
0.321924 -0.170811 0.93123
0.0357124 0.985081 0.168343
-0.946092 -0.020937 0.323221
0 1006
1.94233 -0.156208 1.58288
-0.118671 -0.0697335 0.990482
0.149979 0.984827 0.0873046
-0.981541 0.158912 -0.106412
0 675
0.514797 0.336463 -5.3243
0.217974 0.0363173 -0.975279
-0.00415146 -0.999264 -0.0381383
-0.975946 0.012362 -0.217663
0 1235
-0.177617 0.16353 -0.234451
-0.989551 -0.015295 0.143368
-0.00637463 0.998026 0.0624741
-0.144041 0.0609075 -0.987695
0 588
0.840979 -0.0941673 0.378429
0.964763 -0.131935 0.227652
0.117694 0.990206 0.075097
-0.235331 -0.0456576 0.970842
0 538
1.0024 0.494779 -5.01396
-0.444451 -0.190674 0.875275
0.00491071 0.976551 0.21523
-0.89579 0.0999575 -0.433093
0 152
-1.13084 0.0554996 -0.415506
0.977221 -0.093909 -0.190315
0.128151 0.97593 0.17646
0.169163 -0.196829 0.965734
0 1104
-2.20025 0.118273 -4.70595
-0.93805 0.162776 -0.305884
-0.0699663 -0.953584 -0.292885
-0.339361 -0.253339 0.905899
0 803
-0.779705 0.139876 -5.9025
-0.993381 0.0498318 -0.103494
-0.0311832 -0.984154 -0.174554
-0.110552 -0.170172 0.979193
0 1107
-1.42469 -0.212834 -2.12267
-0.0278614 -0.0575994 0.997951
-0.260493 -0.963426 -0.0628793
0.965074 -0.261711 0.0118381
0 179
3.62275 -0.307307 0.120387
-0.986914 0.0264454 0.159067
0.0572753 0.979626 0.192492
-0.150736 0.199084 -0.96832
0 306
0.265245 -0.227485 -1.55191
-0.122777 -0.18535 0.974973
-0.0242198 -0.981553 -0.189651
0.992139 -0.0468983 0.116022
0 418
-1.18173 0.0766476 -0.242709
-0.639666 0.132594 -0.75713
-0.0606571 0.97323 0.221685
0.766256 0.18773 -0.614499
0 68
4.9796 -0.0339254 -2.68779
-0.680518 0.0118806 0.732635
0.190293 0.968427 0.161052
-0.70759 0.249014 -0.661293
0 1203
1.99846 -0.137037 -4.00271
-0.787114 0.0357003 0.615773
-0.207786 -0.955319 -0.210218
0.580755 -0.293415 0.759363
0 1233
-0.806445 -0.000995092 1.05428
-0.636892 0.100992 -0.764309
0.104523 0.99354 0.0441833
0.763834 -0.0517475 -0.643334
0 254
0.956038 0.417038 -5.55464
0.0490975 -0.00772023 -0.998764
-0.118009 -0.993011 0.0018746
-0.991798 0.117772 -0.0496657
0 716
0.646475 -0.440293 -0.300294
-0.961273 -0.119894 0.248151
0.0669953 -0.975063 -0.211577
0.26733 -0.186758 0.945334
0 378
1.75052 0.0522195 -4.06858
0.899429 -0.0388511 -0.435336
-0.12086 -0.979311 -0.162306
-0.420023 0.198597 -0.885517
0 788
1.8768 0.231347 -5.14356
0.873021 -0.169381 0.457323
-0.110119 -0.981995 -0.153492
0.475088 0.0836417 -0.875954
0 1081
1.26758 0.578203 -8.03334
0.0693651 0.251725 -0.96531
0.150021 -0.959268 -0.23937
-0.986246 -0.128213 -0.104304
0 1152
1.44281 -0.532565 -0.342748
-0.842109 0.226479 -0.489448
-0.0733127 -0.947199 -0.312154
-0.534301 -0.226985 0.814248
0 168
-0.420586 0.585085 -4.5145
-0.436137 -0.0806648 0.896258
0.10741 0.984188 0.140846
-0.893447 0.157695 -0.420576
0 811
0.250303 0.460984 -7.0075
0.10261 0.223163 -0.969366
-0.0904142 -0.968383 -0.232507
-0.990604 0.111502 -0.0791886
0 1005
2.42945 -0.226998 1.49573
0.231516 -0.139947 0.962713
0.110583 0.98697 0.11688
-0.966526 0.0793997 0.243975
0 1007
1.01964 -0.081572 1.19379
-0.893157 0.0323932 0.448577
0.119509 0.978639 0.167283
-0.433576 0.203019 -0.877949
0 523
1.64916 0.783958 -6.54303
0.736516 0.00822486 -0.67637
0.0456921 0.997037 0.0618795
0.674875 -0.0764801 0.733958
0 585
1.78 -0.324333 1.45708
0.39153 0.0796693 -0.91671
0.0561196 0.992323 0.110209
0.918452 -0.0945958 0.384054
0 563
-0.985585 0.187042 -1.22046
0.984598 -0.129955 0.116958
0.120926 0.98933 0.0812646
-0.12627 -0.0658697 0.989807
0 470
0.761052 0.578987 -5.26676
-0.525456 -0.0549954 0.849041
0.156892 0.974533 0.160222
-0.83623 0.217398 -0.503446
0 967
-1.10406 0.24367 -1.17622
-0.973166 0.108675 -0.202826
0.0595218 0.970335 0.234321
0.222274 0.215961 -0.950766
0 1119
-2.35574 -0.358515 -0.371477
-0.618809 0.0366238 0.784688
-0.202373 -0.972628 -0.114196
0.759027 -0.229465 0.609282
0 248
3.23919 0.288904 -6.0997
-0.304829 0.0394619 -0.951589
-0.128984 -0.991647 0.000195175
-0.943633 0.122799 0.307372
0 1125
-0.276715 -0.290568 -1.5989
0.841663 0.0957896 -0.53144
0.0993288 -0.994811 -0.0219992
-0.53079 -0.0342713 -0.84681
0 371
3.25719 -0.130448 -3.27065
-0.48596 0.0480744 -0.872658
-0.0872405 -0.996167 -0.00629658
-0.869616 0.0730712 0.488291
0 1165
3.13051 -0.537794 -1.21389
0.0366679 0.224403 -0.973806
0.0928281 -0.971013 -0.220264
-0.995007 -0.08232 -0.0564358
0 1142
1.14585 -0.659291 0.870127
0.999061 0.0370312 0.0224971
0.0345964 -0.994349 0.100369
0.0260867 -0.0994962 -0.994696
0 988
-0.11797 0.1357 -0.198136
0.342422 0.105896 -0.933559
0.0247209 0.992269 0.121623
0.939221 -0.0647249 0.337157
0 829
-0.77277 0.248803 -0.388455
0.4847 -0.183223 0.855275
0.0464107 0.981824 0.184032
-0.873449 -0.0495063 0.484393
0 127
0.836121 0.519471 -5.31056
-0.335598 -0.185934 0.923473
0.0395896 0.976677 0.211033
-0.941173 0.107382 -0.32041
0 728
0.0270623 -0.619181 1.50642
0.0442201 0.0723936 -0.996395
-0.144066 -0.986484 -0.0780671
-0.98858 0.146999 -0.0331929
0 812
-1.30685 0.0260082 0.386378
0.403534 -0.0577296 0.913142
0.108531 0.993982 0.0148784
-0.908505 0.0931006 0.407371
0 464
5.78566 0.0180962 -2.86911
-0.136007 0.197523 -0.970818
-0.0554011 0.976873 0.206517
0.989158 0.081872 -0.121918
0 46
0.395534 0.718456 -6.31039
-0.955433 0.0385681 0.292678
0.108649 0.96778 0.227149
-0.274487 0.248825 -0.92884
0 797
3.52955 0.0622008 -5.51008
-0.695477 -0.111247 0.709884
0.0163359 -0.990135 -0.139161
0.718363 -0.0851864 0.690434
0 474
6.90965 0.147302 -4.22929
0.708759 0.102638 -0.697944
-0.0638942 0.994633 0.0813847
0.702551 -0.0130875 0.711513
0 249
3.46689 0.273753 -6.20358
-0.430347 0.0205281 -0.90243
-0.0710541 -0.997409 0.0111953
-0.899863 0.0689392 0.430691
0 471
6.2396 -0.237388 -1.92149
0.462019 -0.171556 0.870119
0.194851 0.976775 0.0891222
-0.8652 0.128367 0.484716
0 60
6.91366 -0.0669867 -3.00136
0.968086 -0.13866 0.208763
0.148181 0.988487 -0.0306018
-0.202117 0.0605599 0.977487
0 1120
-1.814 -0.411561 0.022051
-0.296438 -0.0235284 0.954762
-0.270294 -0.956758 -0.107499
0.916005 -0.289933 0.27726
0 690
-1.53059 0.365664 -5.279
0.451682 -0.230491 0.861891
-0.103564 -0.973067 -0.205949
0.886147 0.0037622 -0.463388
0 192
3.3799 0.0114157 -1.75405
0.492003 -0.126062 0.861418
0.122083 0.989674 0.0751032
-0.861991 0.0682133 0.502313
0 1090
-0.280997 -0.0854694 -4.0841
0.0107745 -0.0632461 0.99794
-0.048647 -0.996849 -0.0626518
0.998758 -0.0478717 -0.0138173
0 571
-0.898298 0.717148 -5.01347
-0.941841 0.0456435 0.332943
0.122345 0.969316 0.21321
-0.312996 0.241545 -0.918526
0 661
3.40871 0.281459 -6.43872
-0.433508 0.0126304 -0.901061
-0.062875 -0.997889 0.016262
-0.898954 0.0637039 0.433387
0 694
-1.91626 0.112154 -3.09473
0.818596 -0.0146453 -0.574183
-0.134863 -0.976628 -0.16736
-0.558313 0.214437 -0.801439
0 158
0.943599 -0.211911 0.473672
-0.965295 -0.0131343 0.260832
0.0348113 0.983352 0.178348
-0.258832 0.181238 -0.948767
0 401
-0.898303 0.364735 -6.15207
-0.454986 0.278567 -0.845807
-0.152803 -0.960147 -0.234027
-0.877291 0.0227631 0.479419
0 30
5.2815 -0.566135 1.01839
0.964525 0.0115504 0.263739
0.0203351 0.992823 -0.117848
-0.263207 0.119031 0.957368
0 1234
-0.56683 0.0322863 0.658001
-0.879918 0.0993115 -0.46463
0.0828282 0.995 0.055814
0.46785 0.0106274 -0.883744
0 1226
-0.720317 0.177807 -0.16304
-0.978497 0.0441575 -0.201478
0.013501 0.988432 0.151064
0.205818 0.145095 -0.967774
0 1030
5.21365 0.206924 -3.07147
0.757692 0.0273146 -0.65204
0.0432838 0.994821 0.091971
0.651175 -0.0979084 0.752585
0 311
-1.55546 -0.283746 0.348903
0.979495 -0.117234 -0.163844
-0.147477 -0.971289 -0.186674
-0.137255 0.207009 -0.968663
0 969
0.0533011 0.329587 -2.54041
0.0463418 0.14457 -0.988409
-0.0840323 0.986529 0.140355
0.995385 0.0765539 0.0578661
0 308
-0.828481 -0.187855 -1.01869
0.704567 -0.216161 0.675915
-0.0566182 -0.966565 -0.250094
0.707376 0.137939 -0.693248
0 1149
2.87627 -0.746753 -0.0230849
0.828973 0.0994921 -0.550368
0.0743341 -0.99492 -0.0678921
-0.554327 0.0153696 -0.832157
0 1112
-0.304157 -0.401814 -1.49011
0.99693 -0.0259337 0.073876
-0.0269292 -0.999559 0.0125116
0.0735191 -0.0144626 -0.997189
0 615
3.02367 0.253959 -2.44738
0.997146 -0.0735247 -0.0171366
0.073122 0.997057 -0.0230497
0.0187808 0.0217308 0.999587
0 700
-0.429357 -0.226275 -1.48037
-0.993857 0.0172582 -0.10932
-0.00474483 -0.993503 -0.113707
-0.110572 -0.11249 0.987482
0 182
2.02598 -0.334464 1.68481
0.013263 0.0629478 -0.997929
0.0411706 0.997136 0.063445
0.999064 -0.0419268 0.0106335
0 17
0.960127 -0.238051 0.673008
-0.985467 0.030068 0.167183
0.0813243 0.947597 0.308943
-0.149133 0.318049 -0.936271
0 759
4.19406 -0.499645 -1.06921
0.609267 -0.151034 0.778449
-0.0419493 -0.986458 -0.158559
0.791855 0.0639495 -0.607352
0 129
-1.14375 0.68314 -4.66791
0.852728 -0.242331 0.462743
0.193448 0.969393 0.151176
-0.485215 -0.0393948 0.873507
0 747
3.96969 -0.778615 1.07368
-0.657806 0.0862659 -0.748231
-0.0855108 -0.99555 -0.0396034
-0.748318 0.0379305 0.662255
0 175
1.20212 -0.245226 1.42518
0.634821 0.00946977 -0.772601
0.0592604 0.996383 0.060905
0.770383 -0.0844483 0.631964
0 673
0.0717621 0.646319 -7.05883
0.817092 -0.234578 0.526624
-0.164873 -0.970405 -0.176443
0.552428 0.0573439 -0.831586
0 919
1.62677 0.691862 -4.92867
-0.905364 0.149077 -0.397609
0.0866393 0.981503 0.170719
0.415704 0.120114 -0.901533
0 613
3.65393 -0.0795645 -0.998957
0.429792 0.0877427 -0.898655
-0.0298756 0.996104 0.0829691
0.902434 -0.00881155 0.430739
0 202
3.36612 -0.0795455 -0.969201
0.646756 0.0733939 -0.759158
0.00103861 0.995273 0.097106
0.762696 -0.0635923 0.643623
0 110
0.751245 0.343303 -4.25557
0.076694 0.0968999 -0.992335
0.0364531 0.994328 0.0999118
0.996388 -0.0438364 0.0727267
0 697
-1.42706 -0.153438 -1.19271
-0.0792 0.105552 -0.991255
-0.0981197 -0.990375 -0.097619
-0.992018 0.0895303 0.0887945
0 921
3.43569 0.88756 -8.1588
0.474566 0.150542 -0.867251
-0.00706083 0.985886 0.167271
0.880192 -0.0732576 0.468931
0 603
3.23544 -0.00938898 -1.2341
0.70168 -0.0886215 0.706959
0.119398 0.992829 0.00594997
-0.702416 0.0802348 0.70723
0 516
1.97969 0.629329 -5.65988
0.457998 -0.154343 0.875452
0.210748 0.975589 0.0617424
-0.863611 0.156222 0.479345
0 581
0.608315 0.131968 -0.139772
0.196543 -0.147284 0.96937
0.219393 0.970192 0.102926
-0.955635 0.192444 0.222997
0 494
5.49778 0.0823032 -4.72045
-0.280556 0.141434 -0.94936
-0.0727242 0.983109 0.167954
0.957079 0.116162 -0.265532
0 281
-2.23611 0.182743 -3.28802
0.876225 -0.0383486 -0.480373
-0.130202 -0.978595 -0.159373
-0.463979 0.202192 -0.862463
0 314
-0.702523 -0.505065 1.3016
0.407755 -0.00355661 -0.913085
-0.188888 -0.97869 -0.080539
-0.893341 0.205311 -0.399737
0 954
-1.14426 0.638863 -3.43873
-0.964408 0.12639 0.232257
0.175136 0.963398 0.202959
-0.198103 0.236412 -0.951244
0 177
2.12661 -0.0117953 -0.736424
0.00897694 -0.189597 0.981821
0.141559 0.972213 0.186447
-0.989889 0.137312 0.0355666
0 1023
3.28956 0.0793569 -1.4564
-0.566827 0.116198 -0.815601
0.0225161 0.991818 0.125656
0.823529 0.052861 -0.564806
0 1009
1.27301 0.0191277 -0.160382
-0.847874 0.107681 -0.519148
0.0294184 0.987205 0.156718
0.529381 0.117605 -0.840193
0 827
0.697681 0.101308 -0.136681
-0.605986 -0.130891 0.784633
-0.0137265 0.987943 0.154206
-0.795357 0.0826765 -0.600477
0 1210
3.18625 -0.0244367 -5.73648
0.377904 0.173399 -0.909462
0.129921 -0.982517 -0.133343
-0.916684 -0.0677674 -0.393826
0 1191
-2.7606 0.571233 -2.02711
0.62532 0.00603834 -0.780345
0.135078 0.984038 0.115858
0.768589 -0.177856 0.614523
0 1110
-1.3804 -0.447042 -0.512955
0.238305 -0.0991903 0.966112
-0.22542 -0.973253 -0.0443207
0.944668 -0.207219 -0.25429
0 368
2.47392 0.199935 -4.62659
0.96983 -0.189534 0.153318
-0.153452 -0.963314 -0.22018
0.189425 0.19001 -0.963335
0 559
0.44027 -0.115489 -0.131708
-0.680536 0.110475 -0.724339
0.00554806 0.989317 0.145676
0.732694 0.0951194 -0.673878
0 444
5.47743 -0.328575 -0.16168
0.873 0.072163 -0.482351
-0.0514086 0.997099 0.0561289
0.485002 -0.0242036 0.874178
0 1209
3.53664 -0.0378482 -5.67211
0.635963 0.116559 -0.762867
0.126904 -0.990866 -0.0456021
-0.761214 -0.0678097 -0.644946
0 917
3.5184 0.473901 -5.7134
-0.0218663 -0.152501 0.988061
0.115441 0.981302 0.154013
-0.993074 0.11743 -0.00385267
0 779
-2.73469 0.435911 -1.93669
-0.64462 -0.0151469 0.764353
0.219969 0.953849 0.204414
-0.732174 0.299904 -0.611538
0 801
0.569742 0.366624 -6.82066
-0.333503 0.197838 -0.921757
0.099506 -0.964885 -0.243097
-0.937483 -0.172794 0.302106
0 957
-0.297622 0.397618 -2.00941
-0.478286 -0.000417933 0.878204
