Npoint=16;
gtL_v=[1206.498088	1248.85086;
1206.498088	1259.227533;
1218.027725	1248.85086;
1218.027725	1259.611855;
1206.113767	1216.567878;
1170.371893	1248.85086;
1169.987572	1259.611855;
1174.983748	1290.741874;
1172.67782	1217.33652;
1207.651052	1291.126195;
1217.259082	1290.357553;
1251.847992	1284.977055;
1248.773423	1258.458891;
1247.236138	1249.235182;
1244.545889	1221.564054;
1216.49044	1217.33652]

gtR_v=[2297.355978	1149.269022;
2297.720109	1160.192935;
2309.372283	1148.904891;
2308.644022	1160.192935;
2298.44837	1120.138587;
2267.632962	1149.279459;
2267.953025	1158.561306;
2270.193471	1184.166401;
2272.113854	1122.394108;
2297.718949	1189.28742;
2308.281051	1189.607484;
2344.448248	1190.567675;
2344.128185	1158.241242;
2344.448248	1147.999204;
2340.927548	1117.273089;
2308.281051	1117.913217]

sp_v=[0	0;
0	30;
30	0;
30	30;
0	-90.7;
-90.7	0;
-90.7	30;
-90.7	120.7;
-90.7	-90.7;
0	120.7;
30	120.7;
120.7	120.7;
120.7	30;
120.7	0;
120.7	-90.7;
30	-90.7]